0.00000
0.00000
0.00000
0.00000
0.09359
0.12905
0.21050
0.33904
0.59930
0.55836
0.63277
0.80464
0.72016
0.60333
0.66136
0.62307
0.57654
0.33502
0.13731
0.21445
0.00000
0.00000
0.00000
0.03491
0.00000
0.00000
0.00000
0.00000
0.00439
0.05324
0.27949
0.41841
0.53004
0.65245
0.69701
0.78034
0.61762
0.69016
0.70044
0.67162
0.56447
0.31127
0.21519
0.09909
0.00000
0.00000
0.00000
0.00000
0.00000
0.00000
0.00000
0.00000
0.00922
0.09864
0.23847
0.40753
0.54779
0.58911
0.56017
0.66198
0.67476
0.76338
0.65106
0.56555
0.46733
0.37160
0.24581
0.16236
0.06763
0.01543
0.06348
0.05075
0.01267
0.01378
0.04156
0.00000
0.00000
0.08662
0.27998
0.43313
0.58406
0.61366
0.73893
0.75885
0.71656
0.73241
0.68046
0.61755
0.59561
0.26865
0.13420
0.16907
0.00000
0.02421
0.03324
0.10080
0.02762
0.00418
0.06850
0.00000
0.00267
0.06201
0.21632
0.37357
0.51897
0.61401
0.65599
0.66090
0.74947
0.60886
0.69292
0.63093
0.54552
0.25034
0.18746
0.09065
0.00000
0.00000
0.03021
0.00000
0.00000
0.03880
0.00000
0.00426
0.04477
0.15401
0.20647
0.47583
0.51796
0.56663
0.58656
0.76359
0.76434
0.66675
0.60959
0.67727
0.52729
0.28394
0.15370
0.13164
0.00000
0.00000
0.04832
0.00000
0.00000
0.00000
0.00000
0.00000
0.00058
0.06718
0.25948
0.48927
0.53867
0.65471
0.62791
0.71165
0.71702
0.81131
0.68821
0.60734
0.52107
0.30204
0.25536
0.05198
0.00000
0.00000
0.01082
0.04686
0.06749
0.00000
0.05998
0.00000
0.00000
0.08576
0.26998
0.43291
0.44994
0.58922
0.68860
0.72752
0.67708
0.76163
0.62821
0.61911
0.53556
0.25960
0.23237
0.03545
0.00000
0.03409
0.00000
0.00000
0.00950
0.01004
0.00000
0.03348
0.00000
0.11938
0.10105
0.38113
0.59193
0.68156
0.70612
0.63306
0.65983
0.72532
0.64626
0.59037
0.58950
0.30039
0.17023
0.19183
0.01002
0.04138
0.13038
0.05608
0.04037
0.01991
0.00000
0.00000
0.00000
0.10229
0.24974
0.40202
0.60263
0.63829
0.67591
0.73318
0.68223
0.63278
0.58854
0.61803
0.62891
0.31563
0.20253
0.04032
0.00146
0.00000
0.00000
0.00000
0.03602
0.00000
0.01236
0.03032
0.02289
0.12681
0.19229
0.41184
0.61247
0.69675
0.64201
0.69892
0.70580
0.75204
0.64782
0.67687
0.49654
0.24921
0.14682
0.17065
0.03297
0.00000
0.04822
0.00000
0.00000
0.00000
0.00000
0.00000
0.00000
0.12021
0.22425
0.37171
0.49956
0.64610
0.64224
0.67826
0.65880
0.71175
0.53651
0.60705
0.54756
0.26076
0.21155
0.10220
0.01790
0.00000
0.00000
0.00000
0.00000
0.00000
0.05536
0.00000
0.00000
0.18890
0.18883
0.34596
0.58664
0.66595
0.60065
0.74386
0.73819
0.58768
0.60518
0.58725
0.62863
0.33842
0.30097
0.14892
0.00000
0.02763
0.01797
0.00000
0.08374
0.01776
0.00000
0.03217
0.00930
0.11942
0.30455
0.40212
0.64073
0.56738
0.72904
0.69852
0.74466
0.65450
0.68494
0.60371
0.61589
0.27527
0.23416
0.13519
0.04928
0.00000
0.00000
0.00000
0.00000
0.09344
0.00000
0.03128
0.00000
0.10834
0.20544
0.41357
0.54845
0.54753
0.61086
0.64944
0.73430
0.77862
0.66601
0.68139
0.57055
0.27464
0.11035
0.07305
0.01108
0.00000
0.06172
0.00292
0.00000
0.05552
0.07853
0.06048
0.01879
0.16007
0.24225
0.52197
0.49095
0.61299
0.66186
0.68389
0.69056
0.78331
0.73691
0.58494
0.61799
0.23598
0.17221
0.04642
0.06593
0.00000
0.00000
0.00000
0.04816
0.00000
0.00000
0.03077
0.08348
0.07071
0.19380
0.37438
0.58668
0.62397
0.60628
0.71336
0.69428
0.72313
0.64490
0.68799
0.53070
0.40298
0.23146
0.07473
0.05966
0.00000
0.00000
0.00335
0.00000
0.00000
0.00000
0.07811
0.00000
0.18254
0.09669
0.38422
0.48017
0.59659
0.67413
0.73814
0.59737
0.59634
0.71968
0.58413
0.49326
0.29328
0.10239
0.17013
0.00000
0.00000
0.07696
0.00000
0.01353
0.13207
0.09492
0.00000
0.03610
0.05843
0.18545
0.39611
0.65028
0.52829
0.59361
0.59242
0.70548
0.76449
0.71515
0.54853
0.60193
0.20238
0.27840
0.21108
0.00000
0.04181
0.03657
0.00000
0.00000
0.01128
0.00000
0.00947
0.00000
0.05032
0.16759
0.38280
0.63090
0.56517
0.74772
0.73364
0.64301
0.70492
0.64388
0.62312
0.50402
0.29405
0.21138
0.00000
0.03061
0.00000
0.00000
0.03207
0.00000
0.00000
0.00000
0.00000
0.00000
0.08109
0.14008
0.40997
0.54811
0.53500
0.71362
0.72498
0.70633
0.64313
0.58577
0.53606
0.55416
0.34169
0.25734
0.08206
0.01845
0.00000
0.00090
0.03206
0.00233
0.00000
0.00000
0.00471
0.00000
0.06695
0.21061
0.45776
0.63110
0.57363
0.58897
0.70774
0.69436
0.70494
0.67102
0.60248
0.57065
0.25401
0.26615
0.06946
0.03301
0.00000
0.00000
0.00000
0.00000
0.00898
0.06189
0.03080
0.00000
0.17306
0.19528
0.44306
0.58505
0.48062
0.69293
0.73701
0.72101
0.58853
0.71479
0.67832
0.54982
0.28362
0.12206
0.16968
0.00000
0.00349
0.00000
0.00000
0.00000
0.03001
0.00000
0.00000
0.01784
0.07152
0.14709
0.28447
0.55197
0.56545
0.66988
0.83539
0.69254
0.69970
0.66965
0.53919
0.57383
0.30881
0.23462
0.09122
0.04933
0.01875
0.02214
0.07845
0.00324
0.00000
0.06431
0.00000
0.00000
0.00000
0.22384
0.43050
0.63792
0.65805
0.62740
0.66505
0.70527
0.66386
0.67152
0.60159
0.62706
0.22884
0.23483
0.18507
0.05082
0.00000
0.00000
0.02396
0.08303
0.01776
0.06529
0.03890
0.06739
0.16920
0.17925
0.36945
0.50806
0.66086
0.72823
0.67717
0.66138
0.70804
0.61209
0.59952
0.55110
0.25428
0.23051
0.06678
0.01528
0.03934
0.00000
0.08055
0.00000
0.00000
0.04917
0.00000
0.00000
0.16912
0.17504
0.40654
0.44417
0.57123
0.71200
0.76044
0.67576
0.64272
0.66459
0.61904
0.55991
0.23753
0.17384
0.13503
0.00000
0.00000
0.01382
0.00000
0.00209
0.00000
0.00000
0.01697
0.05858
0.06564
0.24292
0.47399
0.47994
0.59544
0.65747
0.66313
0.75700
0.70751
0.67043
0.63790
0.56015
0.32043
0.20310
0.12246
0.00000
0.00000
0.07456
0.00000
0.00000
0.00000
0.00000
0.00000
0.00000
0.17342
0.20475
0.38066
0.46023
0.63647
0.65399
0.74901
0.70195
0.71024
0.69120
0.53616
0.48497
0.26891
0.18277
0.12878
0.00588
0.00000
0.00000
0.00326
0.01844
0.05591
0.00000
0.01958
0.01193
0.15208
0.28394
0.45865
0.62287
0.66563
0.70962
0.77865
0.70343
0.70030
0.72354
0.57127
0.53065
0.27197
0.15773
0.11362
0.01188
0.00000
0.06835
0.06942
0.00000
0.00000
0.06933
0.00000
0.06609
0.09018
0.18827
0.40812
0.50116
0.65024
0.66702
0.76439
0.74118
0.65414
0.67885
0.49142
0.51596
0.23708
0.24186
0.21574
0.08209
0.00000
0.03319
0.00000
0.00086
0.06832
0.00000
0.02036
0.00353
0.17494
0.30445
0.39319
0.56515
0.65090
0.62712
0.61995
0.63273
0.65321
0.59148
0.64046
0.57177
0.32699
0.21376
0.14272
0.03470
0.07214
0.00000
0.04287
0.06195
0.00000
0.00000
0.00870
0.00000
0.08582
0.13173
0.46529
0.47410
0.55160
0.63900
0.71345
0.70740
0.69394
0.81114
0.64159
0.58535
0.34238
0.22153
0.06894
0.00979
0.00000
0.00000
0.00000
0.00000
0.00000
0.00000
0.01375
0.01570
0.16401
0.22727
0.41254
0.61325
0.58137
0.50570
0.73058
0.63340
0.72528
0.64973
0.59860
0.52941
0.22323
0.20606
0.15061
0.03726
0.00000
0.00000
0.06465
0.00000
0.00000
0.04106
0.05429
0.03770
0.15033
0.12232
0.37453
0.55384
0.56123
0.60972
0.70438
0.71230
0.67342
0.59991
0.64003
0.56341
0.27125
0.17443
0.05405
0.00000
0.00000
0.06608
0.00000
0.00000
0.00439
0.00934
0.00748
0.00000
0.06985
0.21459
0.33994
0.53301
0.50831
0.69325
0.64358
0.68044
0.64937
0.72071
0.61093
0.56587
0.25088
0.07758
0.08184
0.00000
0.03563
0.00000
0.00000
0.03145
0.00000
0.02806
0.01173
0.00146
0.07156
0.18841
0.41762
0.62364
0.54065
0.66778
0.67720
0.67234
0.64311
0.60429
0.66586
0.61106
0.27310
0.26630
0.09414
0.05828
0.01047
0.00000
0.00000
0.01537
0.01706
0.05735
0.09416
0.00000
0.02496
0.29064
0.36247
0.58188
0.67591
0.73571
0.71372
0.66240
0.67607
0.63464
0.62017
0.54960
0.34601
0.21105
0.05105
0.00000
0.00000
0.00000
0.00000
0.00000
0.00000
0.04819
0.05879
0.00000
0.05345
0.15566
0.41604
0.52760
0.49495
0.67861
0.67540
0.73225
0.70139
0.60030
0.53550
0.54831
0.30732
0.23396
0.03149
0.00000
0.02153
0.00000
0.00000
0.00000
0.00000
0.04291
0.00000
0.01091
0.09224
0.26389
0.38983
0.51156
0.55638
0.66413
0.72114
0.72378
0.60610
0.66980
0.64946
0.56831
0.25316
0.21660
0.07849
0.00000
0.00000
0.00000
0.00000
0.00000
0.00574
0.00000
0.00000
0.00000
0.14589
0.22586
0.29749
0.55076
0.62595
0.63052
0.67770
0.64195
0.66170
0.62986
0.61142
0.55541
0.35917
0.19009
0.05485
0.01434
0.07929
0.01796
0.02499
0.00425
0.04983
0.00000
0.04619
0.00000
0.14838
0.16235
0.34191
0.58112
0.55996
0.72215
0.71272
0.68729
0.61001
0.60849
0.51638
0.60692
0.27874
0.16130
0.13118
0.01671
0.01093
0.00000
0.04480
0.01422
0.00000
0.00000
0.02799
0.00000
0.00000
0.32245
0.34533
0.52747
0.63053
0.61901
0.75318
0.67725
0.64009
0.66530
0.50971
0.52377
0.37884
0.17108
0.06429
0.00000
0.00000
0.05383
0.00000
0.06515
0.01180
0.01238
0.02363
0.00549
0.05352
0.19909
0.40849
0.57985
0.65905
0.61018
0.68305
0.63577
0.60505
0.57764
0.64807
0.37537
0.33588
0.23111
0.01115
0.00000
0.00000
0.00000
0.06174
0.00281
0.00000
0.00587
0.00000
0.00000
0.00000
0.18269
0.37696
0.50494
0.62937
0.65312
0.70038
0.69523
0.69604
0.68732
0.60801
0.59870
0.19084
0.18111
0.09133
0.00000
0.00000
0.00774
0.03048
0.00000
0.00000
0.00000
0.00921
0.02556
0.12221
0.26459
0.46362
0.50203
0.69591
0.61078
0.71061
0.77097
0.65572
0.63024
0.54209
0.49807
0.24181
0.12531
0.06676
0.00000
0.02420
0.00000
0.00000
0.02499
0.00000
0.07379
0.02903
0.04788
0.11353
0.21973
0.48454
0.50745
0.62414
0.71580
0.69613
0.76135
0.66052
0.62816
0.59538
0.55764
0.24005
0.23116
0.06319
0.04421
0.00000
0.03223
0.06654
0.02309
0.02403
0.05966
0.02437
0.02257
0.02857
0.23569
0.42701
0.56865
0.60621
0.72067
0.63819
0.78104
0.72541
0.60643
0.57339
0.55413
0.30063
0.33686
0.11030
0.00000
0.02681
0.00540
0.00000
0.01412
0.01616
0.04531
0.02530
0.01400
0.15680
0.16068
0.45867
0.54797
0.62406
0.74316
0.71062
0.67168
0.68856
0.71399
0.64153
0.64661
0.34442
0.28645
0.16801
0.05023
0.00000
0.09043
0.05113
0.06982
0.01369
0.02982
0.01062
0.00000
0.08553
0.12169
0.48281
0.62889
0.65418
0.62283
0.66956
0.70900
0.67189
0.60255
0.63914
0.51705
0.32164
0.15862
0.06433
0.00000
0.07823
0.00000
0.03234
0.01444
0.00000
0.00000
0.00000
0.05030
0.13124
0.30781
0.38265
0.52037
0.55206
0.67272
0.62507
0.72453
0.74382
0.67994
0.58245
0.55090
0.32923
0.19302
0.02213
0.00000
0.00000
0.00000
0.03884
0.03351
0.04617
0.00000
0.00000
0.00000
0.07433
0.08770
0.43536
0.53050
0.71198
0.57511
0.76429
0.67372
0.66981
0.63687
0.57811
0.48144
0.30696
0.21958
0.13047
0.00000
0.00000
0.00000
0.00000
0.00000
0.00000
0.00000
0.00000
0.04003
0.03620
0.08876
0.40083
0.51723
0.59952
0.62603
0.75768
0.70332
0.65684
0.58059
0.55060
0.57720
0.22867
0.23187
0.11043
0.07303
0.04737
0.04733
0.00000
0.07552
0.00916
0.00000
0.00000
0.00000
0.03424
0.19305
0.33371
0.54450
0.60631
0.70596
0.78644
0.86076
0.69510
0.64480
0.53232
0.48437
0.23471
0.30568
0.16530
0.00000
0.00000
0.05130
0.01002
0.06960
0.00000
0.02426
0.00000
0.00000
0.13637
0.18348
0.34925
0.55122
0.48877
0.62935
0.69406
0.74768
0.60992
0.61685
0.60573
0.53277
0.30684
0.31044
0.11707
0.00000
0.01690
0.00714
0.00000
0.00000
0.00000
0.00000
0.00860
0.00000
0.10227
0.21209
0.30689
0.52345
0.57485
0.63285
0.66479
0.65493
0.67612
0.76781
0.53963
0.66980
0.32579
0.19040
0.09374
0.05792
0.00000
0.07561
0.00000
0.00000
0.06489
0.00000
0.00000
0.00000
0.11268
0.17992
0.43454
0.60134
0.58378
0.69054
0.68171
0.70500
0.71537
0.70463
0.56750
0.58615
0.25301
0.23938
0.07848
0.00000
0.11708
0.00000
0.12293
0.00537
0.00000
0.06767
0.00000
0.02134
0.11705
0.19800
0.43221
0.56639
0.60134
0.67306
0.74156
0.62823
0.73063
0.69127
0.68014
0.55688
0.35639
0.22293
0.19698
0.00463
0.06813
0.01721
0.02114
0.00000
0.00000
0.02180
0.00000
0.00000
0.09205
0.24235
0.32893
0.51148
0.56777
0.65065
0.74246
0.75831
0.65857
0.71487
0.56683
0.55710
0.35724
0.15562
0.13548
0.00000
0.00000
0.01262
0.00000
0.03927
0.02114
0.08780
0.02244
0.01316
0.16148
0.18677
0.42006
0.55480
0.59749
0.57208
0.58942
0.67876
0.64981
0.68386
0.59373
0.60651
0.35115
0.19781
0.09942
0.00000
0.02687
0.00482
0.00000
0.00000
0.03018
0.07150
0.02235
0.00000
0.10842
0.23422
0.39597
0.57866
0.71617
0.68082
0.76586
0.65773
0.64604
0.65674
0.59284
0.49834
0.27833
0.22109
0.11230
0.07235
0.04145
0.00000
0.00000
0.00000
0.01388
0.00000
0.00000
0.06847
0.05583
0.28686
0.51534
0.42529
0.60183
0.55663
0.76392
0.67327
0.67276
0.63871
0.58368
0.53921
0.30749
0.16811
0.06434
0.02069
0.03592
0.00847
0.00000
0.05557
0.08130
0.00659
0.00000
0.00000
0.05869
0.13371
0.25410
0.56117
0.59620
0.67552
0.69958
0.73153
0.70288
0.63719
0.57722
0.62667
0.34717
0.26176
0.08618
0.00000
0.00000
0.07291
0.00000
0.00000
0.00000
0.00000
0.00000
0.05164
0.03137
0.20942
0.36825
0.60060
0.62829
0.73480
0.65119
0.70296
0.76243
0.71487
0.62400
0.55684
0.29204
0.20952
0.14998
0.06594
0.01929
0.00000
0.00000
0.00000
0.00000
0.03547
0.00000
0.00000
0.03264
0.19919
0.44446
0.58713
0.65000
0.62102
0.70244
0.81996
0.72387
0.58650
0.54631
0.55501
0.22394
0.20765
0.07069
0.00000
0.03035
0.00000
0.00860
0.02115
0.02668
0.02448
0.00000
0.01108
0.09694
0.17939
0.48478
0.53422
0.60248
0.68421
0.68369
0.72324
0.69954
0.58175
0.56707
0.55614
0.36115
0.14931
0.07022
0.02540
0.00000
0.00000
0.00000
0.00000
0.00000
0.00000
0.01274
0.00000
0.00000
0.12373
0.47909
0.52936
0.52896
0.74354
0.67136
0.63104
0.67472
0.76485
0.65958
0.54542
0.29210
0.16107
0.17016
0.01832
0.00000
0.00000
0.00609
0.00000
0.00000
0.00000
0.00000
0.00529
0.09653
0.12353
0.33883
0.57243
0.48253
0.65091
0.72636
0.64716
0.65470
0.74762
0.60650
0.60265
0.29188
0.15831
0.18492
0.00000
0.00000
0.03716
0.00000
0.00000
0.04697
0.00803
0.00000
0.00000
0.00000
0.27898
0.39826
0.56643
0.63767
0.62588
0.69659
0.84467
0.75776
0.62977
0.54773
0.52288
0.32032
0.28567
0.12811
0.06019
0.06038
0.00000
0.05998
0.10449
0.06426
0.00474
0.00000
0.01230
0.13813
0.15473
0.46126
0.62307
0.53609
0.63944
0.75576
0.67111
0.71930
0.56441
0.56971
0.57278
0.34046
0.17528
0.15220
0.00000
0.00000
0.00000
0.01785
0.01553
0.03652
0.01320
0.01983
0.00000
0.08296
0.21913
0.38693
0.50777
0.63640
0.66923
0.66810
0.78834
0.65033
0.64182
0.54638
0.59174
0.20799
0.24423
0.00000
0.02590
0.03853
0.04449
0.01422
0.03847
0.04042
0.03682
0.00000
0.04224
0.13560
0.17050
0.37942
0.60572
0.57953
0.65258
0.62522
0.74690
0.70672
0.68589
0.65093
0.61006
0.31358
0.23213
0.04397
0.01236
0.00671
0.00000
0.14218
0.00000
0.00000
0.00000
0.05661
0.00000
0.13996
0.16950
0.31595
0.48323
0.54181
0.61281
0.74012
0.69114
0.75135
0.60384
0.60865
0.56306
0.28664
0.31826
0.16990
0.00906
0.02244
0.00000
0.02212
0.10640
0.00973
0.01294
0.00000
0.05246
0.10027
0.18863
0.46109
0.57965
0.57490
0.67321
0.62890
0.76841
0.70880
0.73769
0.49493
0.50676
0.25766
0.12948
0.09345
0.00000
0.09761
0.00322
0.04356
0.00000
0.00000
0.00000
0.04500
0.00000
0.11230
0.31328
0.41022
0.47014
0.56288
0.68028
0.65390
0.72049
0.64466
0.70268
0.64983
0.45341
0.31804
0.20239
0.20286
0.00000
0.00000
0.06743
0.00000
0.00000
0.03975
0.03575
0.05318
0.02222
0.14698
0.19072
0.41778
0.51282
0.57443
0.65164
0.68167
0.81622
0.66794
0.56933
0.60308
0.57915
0.33246
0.04540
0.09081
0.00000
0.07861
0.01625
0.02022
0.00000
0.00000
0.00000
0.00000
0.00000
0.06390
0.23401
0.35373
0.55881
0.51186
0.61542
0.67908
0.64859
0.78782
0.66039
0.60411
0.56444
0.26085
0.18874
0.03235
0.00000
0.00069
0.01236
0.06406
0.00000
0.00000
0.00608
0.05515
0.00256
0.12284
0.15772
0.43363
0.54963
0.60909
0.64825
0.70918
0.63727
0.75382
0.62548
0.51911
0.54357
0.26216
0.20354
0.07986
0.00000
0.00000
0.04054
0.00000
0.01045
0.00000
0.00000
0.04374
0.00375
0.07927
0.25127
0.41654
0.51313
0.67304
0.67721
0.65751
0.81357
0.70036
0.61342
0.64616
0.59476
0.23039
0.26419
0.05025
0.00000
0.00000
0.00000
0.02926
0.00000
0.04000
0.00000
0.00000
0.00000
0.15190
0.19124
0.43339
0.58448
0.62395
0.69129
0.75003
0.64687
0.75249
0.58524
0.57303
0.42496
0.32223
0.17592
0.06047
0.05625
0.00000
0.00000
0.03693
0.00000
0.00000
0.05196
0.04542
0.05479
0.11539
0.16102
0.29188
0.52659
0.60568
0.67732
0.74901
0.73764
0.68006
0.61830
0.53568
0.54141
0.24142
0.18469
0.09344
0.00000
0.00001
0.00000
0.00221
0.06844
0.00000
0.06435
0.00000
0.00000
0.09683
0.20632
0.34368
0.52288
0.59096
0.64850
0.69170
0.62718
0.67527
0.64549
0.54857
0.50821
0.33262
0.22580
0.11451
0.01269
0.00000
0.00000
0.00000
0.00000
0.00000
0.07449
0.00000
0.01909
0.05504
0.14926
0.42362
0.54488
0.48897
0.70090
0.68652
0.68453
0.71232
0.73149
0.52001
0.55500
0.33530
0.18551
0.10019
0.00000
0.00000
0.00538
0.01056
0.00000
0.00000
0.00000
0.00000
0.00822
0.13686
0.27074
0.35634
0.56538
0.60795
0.65532
0.69083
0.65776
0.64968
0.61629
0.66466
0.50714
0.27937
0.24716
0.14570
0.00804
0.00000
0.03207
0.00000
0.03150
0.00000
0.00000
0.00000
0.04960
0.15469
0.23499
0.42982
0.48873
0.59634
0.63762
0.72834
0.67461
0.77038
0.68035
0.65298
0.65061
0.31072
0.26289
0.07538
0.00000
0.03229
0.00000
0.00317
0.00000
0.00000
0.00000
0.00000
0.02969
0.07628
0.16234
0.39049
0.52877
0.47385
0.69297
0.72030
0.65778
0.69971
0.71940
0.60285
0.46032
0.30677
0.14088
0.10107
0.00000
0.00000
0.00000
0.00000
0.00000
0.00000
0.01264
0.01758
0.01749
0.03532
0.18421
0.42881
0.62213
0.63373
0.66691
0.71762
0.70284
0.69170
0.69831
0.53909
0.61103
0.32788
0.12699
0.00000
0.00000
0.02338
0.00000
0.02581
0.00000
0.02883
0.00000
0.00000
0.03743
0.08229
0.16419
0.36231
0.53417
0.57988
0.62027
0.69976
0.66895
0.69675
0.70666
0.51686
0.52625
0.17780
0.21904
0.08711
0.00000
0.00000
0.00000
0.00000
0.00109
0.00000
0.00097
0.03968
0.03840
0.04123
0.16773
0.39589
0.67793
0.64517
0.62951
0.66964
0.79435
0.66662
0.71266
0.60836
0.61790
0.31502
0.21651
0.14382
0.00000
0.00000
0.02551
0.03216
0.05126
0.03710
0.01382
0.00000
0.03535
0.01595
0.19260
0.34028
0.48418
0.66229
0.68840
0.70086
0.69472
0.68114
0.64468
0.63720
0.57322
0.30441
0.24527
0.08788
0.05067
0.00000
0.05422
0.01612
0.03860
0.01051
0.00000
0.00000
0.02397
0.13080
0.27113
0.34241
0.61391
0.64437
0.57546
0.67747
0.78463
0.73516
0.63222
0.61851
0.53637
0.31363
0.13373
0.15648
0.00000
0.02367
0.00000
0.00000
0.00709
0.08567
0.02965
0.07268
0.00000
0.05519
0.17274
0.43436
0.55002
0.64984
0.69108
0.67508
0.74198
0.69593
0.64108
0.65181
0.51523
0.33812
0.16743
0.10345
0.00000
0.00000
0.06654
0.00952
0.00000
0.00000
0.00000
0.08752
0.00000
0.01192
0.16422
0.43996
0.54003
0.57962
0.64091
0.56303
0.74165
0.60872
0.65241
0.62209
0.50147
0.25531
0.17115
0.05118
0.00000
0.00000
0.00000
0.03198
0.00000
0.10503
0.02409
0.00000
0.00000
0.03878
0.11587
0.49175
0.57046
0.70782
0.76991
0.77694
0.69179
0.72493
0.57589
0.47635
0.52970
0.21494
0.26796
0.17229
0.00000
0.00000
0.05713
0.00000
0.05148
0.06134
0.00350
0.02592
0.00000
0.03898
0.18719
0.39673
0.54768
0.64663
0.58152
0.74340
0.77206
0.65102
0.63711
0.60705
0.47406
0.36553
0.25598
0.16194
0.09840
0.00000
0.05350
0.00000
0.02424
0.00000
0.04170
0.04195
0.06688
0.06446
0.22199
0.33850
0.43469
0.60190
0.72539
0.68221
0.71797
0.69123
0.70063
0.61663
0.59504
0.32817
0.17567
0.13209
0.06250
0.03256
0.03507
0.00000
0.00000
0.01437
0.00000
0.04783
0.12435
0.09101
0.26155
0.35521
0.52181
0.62603
0.65386
0.77238
0.64884
0.71103
0.61816
0.62240
0.53309
0.36296
0.12583
0.12922
0.02469
0.01233
0.01368
0.00000
0.02755
0.04291
0.03792
0.00000
0.07363
0.17758
0.19451
0.32424
0.49513
0.54231
0.56980
0.69206
0.71499
0.66601
0.55185
0.59614
0.53645
0.27257
0.22213
0.02104
0.01232
0.02872
0.00000
0.01200
0.08606
0.00000
0.09265
0.00000
0.00751
0.16948
0.09736
0.41882
0.55161
0.52416
0.67550
0.68510
0.73935
0.64804
0.66328
0.60726
0.54455
0.30396
0.17000
0.00000
0.00000
0.10843
0.00000
0.00000
0.03944
0.01847
0.00307
0.00000
0.06233
0.13020
0.25523
0.43256
0.58468
0.60245
0.61170
0.70379
0.70347
0.57140
0.69129
0.60976
0.46112
0.29484
0.18408
0.08791
0.00000
0.00000
0.02558
0.00000
0.03394
0.00000
0.05748
0.00400
0.07332
0.13825
0.17375
0.49296
0.53577
0.61530
0.73914
0.61443
0.71641
0.63766
0.65289
0.60149
0.43583
0.38492
0.13121
0.22378
0.03610
0.02638
0.05170
0.00000
0.00369
0.00000
0.00000
0.00000
0.00000
0.15177
0.28987
0.37577
0.58075
0.64022
0.64186
0.72203
0.67838
0.69581
0.64529
0.59429
0.61270
0.28451
0.17948
0.02407
0.03458
0.00000
0.00000
0.04757
0.10314
0.08339
0.01130
0.00000
0.00906
0.05682
0.26435
0.37224
0.49325
0.56355
0.66202
0.68595
0.68258
0.67409
0.61377
0.56727
0.52710
0.37519
0.21703
0.03135
0.00881
0.05510
0.02493
0.01499
0.04631
0.04262
0.00000
0.00000
0.02646
0.04777
0.15367
0.36581
0.55607
0.55244
0.67062
0.76490
0.68824
0.71410
0.59079
0.53995
0.55104
0.35802
0.15228
0.02966
0.02036
0.00000
0.00517
0.00000
0.11695
0.01214
0.00902
0.03877
0.00000
0.14887
0.14462
0.41138
0.55469
0.59836
0.64939
0.67458
0.64764
0.72479
0.63485
0.53947
0.52354
0.25575
0.23306
0.14689
0.02271
0.02981
0.00000
0.06216
0.00259
0.08565
0.00492
0.01751
0.00000
0.05671
0.08963
0.37292
0.57504
0.63012
0.71565
0.74888
0.76830
0.77389
0.58320
0.59497
0.56882
0.27624
0.21663
0.19417
0.00814
0.09642
0.00000
0.00786
0.03213
0.00000
0.00000
0.00697
0.00604
0.05070
0.18679
0.45801
0.51217
0.53104
0.60866
0.76297
0.62055
0.78252
0.57132
0.68011
0.55048
0.35943
0.17369
0.05279
0.00000
0.02355
0.01709
0.07930
0.00000
0.00000
0.00000
0.00000
0.00000
0.12150
0.15230
0.38126
0.50671
0.57945
0.65117
0.60655
0.71253
0.70716
0.66882
0.56559
0.46892
0.32016
0.19148
0.14269
0.03007
0.00000
0.11450
0.00000
0.03515
0.00000
0.00949
0.00000
0.05665
0.10154
0.21506
0.36215
0.56084
0.61386
0.55375
0.65557
0.67803
0.69739
0.62602
0.58581
0.59695
0.28315
0.20697
0.21361
0.00000
0.02952
0.01695
0.00000
0.00000
0.07991
0.00000
0.00000
0.01156
0.11692
0.15222
0.35804
0.55667
0.51006
0.64504
0.73331
0.65073
0.71739
0.57135
0.60772
0.51967
0.27824
0.21447
0.04745
0.01879
0.09124
0.00000
0.00000
0.00000
0.05117
0.02868
0.00000
0.00000
0.23287
0.21926
0.39991
0.53033
0.59209
0.63997
0.73155
0.77285
0.81290
0.64626
0.64538
0.52545
0.37824
0.16480
0.08591
0.01475
0.03418
0.01908
0.02149
0.04428
0.00000
0.00000
0.04102
0.00000
0.05659
0.15137
0.37678
0.47372
0.61354
0.61689
0.60294
0.79283
0.60400
0.67580
0.57630
0.50641
0.31996
0.21706
0.04374
0.00000
0.00000
0.04630
0.01587
0.02420
0.02879
0.03018
0.12423
0.00000
0.17063
0.09270
0.42155
0.59539
0.57269
0.54671
0.73080
0.67922
0.66093
0.66089
0.69372
0.48566
0.29993
0.19759
0.13861
0.07569
0.00000
0.05048
0.00000
0.00000
0.03232
0.02321
0.04826
0.00000
0.00000
0.20058
0.36449
0.52840
0.58523
0.61042
0.60523
0.73860
0.63649
0.54124
0.69736
0.54168
0.37301
0.17813
0.07567
0.00000
0.02148
0.01429
0.08946
0.00724
0.00000
0.00000
0.03861
0.00000
0.07419
0.19726
0.43401
0.60231
0.66146
0.68253
0.72326
0.75014
0.71419
0.59188
0.64914
0.50917
0.23231
0.21819
0.10662
0.06073
0.00743
0.00000
0.05506
0.02493
0.00000
0.01671
0.04552
0.00000
0.13843
0.23498
0.35104
0.43416
0.60296
0.63363
0.71471
0.70381
0.70474
0.66812
0.67336
0.51562
0.35083
0.22435
0.15796
0.01082
0.00000
0.00000
0.00000
0.00000
0.00000
0.00000
0.00000
0.00000
0.00665
0.26924
0.42502
0.57715
0.56592
0.70572
0.69220
0.56707
0.69993
0.60726
0.65660
0.53353
0.26036
0.17033
0.13746
0.00000
0.03944
0.00000
0.00000
0.00000
0.01145
0.00113
0.00000
0.02138
0.13118
0.26996
0.48848
0.63305
0.60947
0.66423
0.74593
0.73719
0.68791
0.60839
0.60750
0.57025
0.29274
0.20407
0.12384
0.00000
0.08339
0.00000
0.00000
0.00000
0.00000
0.06905
0.02404
0.00186
0.14348
0.23653
0.45299
0.53146
0.65583
0.55480
0.65368
0.73468
0.63569
0.65966
0.55057
0.60971
0.21840
0.24401
0.06807
0.00000
0.04799
0.00000
0.00000
0.00000
0.08777
0.00351
0.03274
0.00000
0.13053
0.18163
0.36965
0.52719
0.58666
0.63547
0.68725
0.63551
0.75925
0.60922
0.61378
0.52270
0.26002
0.23339
0.02712
0.00000
0.00000
0.00000
0.00000
0.02196
0.00000
0.12002
0.08041
0.00000
0.11756
0.18578
0.42284
0.59142
0.63312
0.58826
0.56780
0.70996
0.63320
0.69310
0.57350
0.52391
0.29408
0.23796
0.06477
0.02660
0.06326
0.00000
0.00000
0.02009
0.04657
0.01148
0.00000
0.05641
0.19240
0.20091
0.47320
0.51328
0.59629
0.67338
0.77527
0.70875
0.60161
0.65586
0.60556
0.56981
0.37974
0.13412
0.07214
0.00433
0.02537
0.00053
0.08413
0.02953
0.01446
0.00000
0.01240
0.03445
0.14901
0.18756
0.32608
0.65696
0.57058
0.61808
0.69183
0.69944
0.71146
0.66463
0.60811
0.53124
0.31877
0.21209
0.06342
0.00000
0.00000
0.05659
0.00000
0.00000
0.00000
0.01112
0.00860
0.00000
0.12228
0.13520
0.40919
0.54536
0.54154
0.68706
0.71308
0.66517
0.73448
0.59580
0.58761
0.57458
0.27906
0.19445
0.20318
0.06182
0.00000
0.00000
0.00000
0.00000
0.00000
0.04461
0.02492
0.00000
0.10315
0.28630
0.46715
0.59448
0.59880
0.66424
0.70992
0.73576
0.70367
0.68048
0.56725
0.56808
0.31948
0.15645
0.15412
0.02394
0.00000
0.05920
0.03697
0.00000
0.00000
0.00000
0.00000
0.05297
0.06435
0.20133
0.42998
0.58450
0.52644
0.63598
0.71525
0.67396
0.62241
0.64962
0.63437
0.60539
0.31876
0.19321
0.07058
0.02073
0.00000
0.00000
0.00000
0.00000
0.09217
0.00000
0.00436
0.00000
0.08672
0.22629
0.51911
0.57330
0.56143
0.65219
0.80206
0.67519
0.64282
0.68905
0.61857
0.58497
0.34466
0.25728
0.13871
0.02326
0.00000
0.00000
0.02759
0.04096
0.00000
0.00000
0.00000
0.00000
0.11902
0.17543
0.41826
0.52680
0.56556
0.72625
0.69677
0.72702
0.75446
0.62764
0.64233
0.56963
0.31574
0.13847
0.03178
0.05108
0.00000
0.00000
0.00000
0.00000
0.00000
0.05098
0.02268
0.00000
0.18731
0.15257
0.43145
0.56304
0.55482
0.65331
0.78501
0.70512
0.77200
0.57190
0.63967
0.62773
0.32712
0.20124
0.04342
0.00000
0.00000
0.00040
0.01014
0.03463
0.14655
0.04778
0.06292
0.00000
0.00116
0.12277
0.45762
0.47865
0.56907
0.55124
0.72340
0.69983
0.62871
0.63150
0.57444
0.59583
0.16593
0.14924
0.09498
0.00000
0.00000
0.06248
0.00000
0.00000
0.02032
0.10887
0.00000
0.03027
0.12184
0.16340
0.42704
0.46873
0.53030
0.63490
0.69830
0.70869
0.75031
0.58990
0.68667
0.65460
0.35516
0.17696
0.15263
0.05117
0.05924
0.00000
0.00000
0.00000
0.00900
0.00000
0.06051
0.00000
0.10714
0.22648
0.38598
0.52082
0.57584
0.57222
0.73631
0.71452
0.70514
0.54632
0.59772
0.44438
0.34657
0.11109
0.09010
0.00000
0.07820
0.00000
0.00000
0.00000
0.10579
0.03056
0.00000
0.00000
0.09438
0.18628
0.37622
0.56661
0.66067
0.64890
0.68824
0.71485
0.72989
0.71678
0.63569
0.55678
0.27817
0.16763
0.08099
0.08654
0.00000
0.04261
0.00000
0.02182
0.00000
0.04551
0.00000
0.04879
0.14803
0.22335
0.36518
0.59497
0.56425
0.68108
0.69954
0.62640
0.70324
0.64877
0.64330
0.57125
0.28174
0.18031
0.13014
0.00000
0.04684
0.00000
0.00000
0.00000
0.00000
0.00000
0.00000
0.01222
0.05486
0.17429
0.32214
0.63693
0.63076
0.61719
0.67386
0.67870
0.76925
0.71591
0.65167
0.62766
0.36404
0.26123
0.05617
0.02922
0.00000
0.03722
0.00000
0.07831
0.01934
0.00000
0.02693
0.00000
0.10767
0.20349
0.30249
0.47736
0.66647
0.56310
0.76548
0.71101
0.61453
0.70377
0.56531
0.58176
0.25015
0.17839
0.11333
0.03516
0.00000
0.01883
0.00000
0.00398
0.01502
0.08100
0.08307
0.00000
0.10304
0.24357
0.43690
0.53442
0.63003
0.59371
0.64415
0.67746
0.69068
0.66578
0.60244
0.53496
0.32811
0.25848
0.03238
0.00000
0.12066
0.12311
0.00000
0.00000
0.00000
0.03396
0.00000
0.00000
0.07235
0.19904
0.43685
0.43876
0.57643
0.69832
0.73307
0.67396
0.75268
0.64642
0.51735
0.45651
0.27050
0.19578
0.13045
0.00000
0.04590
0.05760
0.00000
0.08099
0.01232
0.00000
0.04456
0.00978
0.08513
0.30642
0.41714
0.58404
0.59296
0.59375
0.75444
0.68374
0.74696
0.61738
0.62806
0.53666
0.22751
0.15595
0.11666
0.00000
0.01150
0.05097
0.00000
0.04566
0.00000
0.00000
0.02533
0.00000
0.00000
0.26440
0.42261
0.59293
0.62011
0.62783
0.73325
0.67252
0.77400
0.68730
0.66045
0.60916
0.28600
0.10652
0.09289
0.07978
0.00000
0.03604
0.00857
0.03558
0.01234
0.04215
0.00000
0.00000
0.11880
0.24105
0.49107
0.53072
0.53740
0.64397
0.74257
0.68640
0.62590
0.66603
0.55130
0.56038
0.28890
0.17103
0.11106
0.04022
0.00000
0.00000
0.04278
0.00000
0.00000
0.00000
0.01541
0.06970
0.06163
0.22011
0.40454
0.57426
0.68971
0.66211
0.68516
0.80064
0.76464
0.65548
0.58253
0.55729
0.36370
0.16672
0.07691
0.04273
0.00821
0.07919
0.11568
0.04448
0.00000
0.00000
0.00000
0.02442
0.17121
0.20480
0.43657
0.59160
0.57650
0.59272
0.65518
0.74473
0.68092
0.60176
0.59649
0.47971
0.31491
0.13973
0.08734
0.00000
0.00000
0.00000
0.00000
0.02267
0.00000
0.00000
0.00000
0.00000
0.10334
0.21865
0.33568
0.56706
0.62023
0.58351
0.72642
0.70657
0.68046
0.63331
0.58403
0.58348
0.29734
0.16398
0.17180
0.00000
0.00000
0.04557
0.03755
0.04975
0.00974
0.00000
0.05311
0.00000
0.11727
0.20288
0.31039
0.60492
0.62249
0.60433
0.75403
0.72997
0.73180
0.63018
0.61424
0.51187
0.22722
0.17283
0.12786
0.01447
0.00000
0.04050
0.01294
0.00000
0.01655
0.00000
0.00000
0.02226
0.08400
0.18898
0.39994
0.61664
0.70502
0.61719
0.71739
0.79257
0.71662
0.59194
0.59916
0.47094
0.33535
0.19905
0.09369
0.02625
0.02828
0.00000
0.06032
0.04455
0.01328
0.08070
0.00000
0.01479
0.09799
0.16592
0.41068
0.53342
0.56772
0.64871
0.73393
0.72463
0.65021
0.63182
0.71879
0.63753
0.37194
0.17676
0.03317
0.00000
0.00255
0.00000
0.09093
0.01457
0.08451
0.03658
0.00000
0.00000
0.15273
0.15101
0.42127
0.58049
0.62392
0.62565
0.69979
0.63612
0.72008
0.57277
0.52459
0.46286
0.37408
0.16866
0.16491
0.03143
0.04252
0.01827
0.00246
0.01772
0.01582
0.02567
0.01601
0.00000
0.13410
0.19109
0.47357
0.44926
0.61320
0.66777
0.71234
0.66103
0.74437
0.69861
0.56508
0.55868
0.29269
0.14751
0.04435
0.15461
0.00000
0.08110
0.00000
0.00000
0.00000
0.09587
0.03765
0.00000
0.18200
0.17881
0.38725
0.48763
0.61181
0.68437
0.62820
0.71254
0.63084
0.64246
0.67430
0.53140
0.30215
0.16937
0.10762
0.00000
0.00000
0.03913
0.00000
0.02884
0.02483
0.00888
0.00000
0.00000
0.13404
0.15822
0.47628
0.50931
0.59584
0.63610
0.68644
0.71255
0.75806
0.69376
0.70029
0.61717
0.30777
0.30699
0.15190
0.03049
0.00000
0.01951
0.05529
0.05119
0.08096
0.00000
0.00568
0.00000
0.17369
0.16860
0.41775
0.50101
0.52793
0.61612
0.67160
0.66009
0.80235
0.52304
0.63422
0.55610
0.25609
0.18785
0.09772
0.00642
0.00000
0.00501
0.00904
0.00000
0.00000
0.00000
0.04548
0.12837
0.13302
0.27870
0.41516
0.49375
0.58967
0.60983
0.70783
0.77065
0.66410
0.65586
0.57665
0.59370
0.29540
0.23329
0.10745
0.00000
0.00000
0.00863
0.02268
0.05103
0.00000
0.00000
0.00000
0.00000
0.08579
0.23983
0.32394
0.60009
0.59247
0.64330
0.67757
0.68005
0.66561
0.67114
0.65956
0.52046
0.29910
0.14147
0.18670
0.00000
0.00000
0.02610
0.00000
0.00000
0.00000
0.05824
0.00000
0.00000
0.00006
0.22454
0.39350
0.59778
0.51732
0.70179
0.65093
0.69373
0.59702
0.74092
0.59056
0.56358
0.30519
0.15417
0.17530
0.00000
0.06407
0.00000
0.07116
0.04168
0.00000
0.03985
0.02885
0.00000
0.05045
0.19125
0.51902
0.56378
0.54816
0.74661
0.83315
0.82107
0.71636
0.69664
0.61890
0.56504
0.31860
0.27261
0.19220
0.00000
0.06317
0.00000
0.05802
0.00757
0.04257
0.00000
0.04202
0.00000
0.08806
0.24917
0.44793
0.54733
0.65285
0.66618
0.67128
0.74174
0.66215
0.69623
0.64240
0.52058
0.34199
0.23163
0.06569
0.00000
0.03983
0.00000
0.00000
0.02233
0.00000
0.03067
0.04972
0.03639
0.07973
0.21495
0.52404
0.57592
0.63765
0.63429
0.80028
0.70612
0.78025
0.67113
0.71742
0.62819
0.31191
0.14982
0.01218
0.00244
0.02955
0.12148
0.02954
0.00000
0.05683
0.00576
0.09974
0.01747
0.10892
0.11818
0.38394
0.57984
0.57365
0.61278
0.76523
0.74404
0.66812
0.72962
0.51835
0.52362
0.38714
0.24940
0.22649
0.04458
0.00000
0.00000
0.00548
0.04525
0.00000
0.00000
0.00000
0.00042
0.09065
0.25991
0.39429
0.53408
0.52363
0.71480
0.64748
0.72332
0.71034
0.71714
0.55616
0.53717
0.30350
0.12812
0.14810
0.00000
0.02272
0.00671
0.00998
0.00000
0.07063
0.00000
0.00000
0.00503
0.03521
0.24020
0.37405
0.51263
0.51746
0.60872
0.75086
0.78175
0.77126
0.69477
0.61746
0.51747
0.27185
0.19865
0.11076
0.00000
0.00042
0.01534
0.00000
0.02775
0.04199
0.00000
0.00000
0.06378
0.14520
0.20130
0.40979
0.59341
0.54241
0.68008
0.65723
0.71754
0.69754
0.73988
0.61793
0.53897
0.25538
0.22313
0.11463
0.00000
0.02042
0.04180
0.00000
0.01252
0.00000
0.03012
0.00000
0.01976
0.00800
0.17073
0.47471
0.62374
0.55741
0.73894
0.68721
0.70927
0.76135
0.69012
0.59337
0.42080
0.30451
0.18242
0.08617
0.00000
0.00000
0.00000
0.04703
0.00000
0.07494
0.00000
0.09830
0.00000
0.10283
0.24895
0.43333
0.51825
0.61720
0.52895
0.65099
0.70653
0.72226
0.61201
0.59053
0.58446
0.27580
0.17805
0.11095
0.00889
0.00000
0.00000
0.01162
0.00000
0.00000
0.00000
0.07516
0.00000
0.04109
0.21123
0.42067
0.53880
0.56132
0.59684
0.68526
0.71085
0.72081
0.69060
0.66045
0.61570
0.32032
0.18629
0.09737
0.00000
0.00000
0.00000
0.00000
0.04983
0.00000
0.00000
0.00000
0.00000
0.08556
0.17625
0.40397
0.66859
0.59352
0.68082
0.74112
0.68598
0.68437
0.70675
0.58853
0.65173
0.44367
0.17330
0.08809
0.01027
0.00000
0.11912
0.02021
0.00000
0.00000
0.03955
0.07207
0.00000
0.08259
0.10065
0.43037
0.51082
0.65966
0.63226
0.68625
0.63358
0.78613
0.65773
0.59065
0.54724
0.31115
0.11904
0.18399
0.00000
0.00000
0.00000
0.00000
0.01732
0.00000
0.00000
0.00000
0.00000
0.05632
0.24807
0.38158
0.48101
0.60701
0.61777
0.67054
0.65736
0.76457
0.73959
0.50966
0.61792
0.35663
0.25465
0.14404
0.02469
0.07184
0.07287
0.07596
0.06457
0.01925
0.00000
0.00000
0.00000
0.10784
0.13546
0.43896
0.50109
0.56110
0.68392
0.82864
0.63556
0.70959
0.68699
0.47288
0.55229
0.34867
0.17303
0.11334
0.00000
0.05013
0.00000
0.02358
0.06077
0.00000
0.05167
0.00000
0.00000
0.10778
0.27030
0.38242
0.48114
0.58817
0.56844
0.72838
0.69963
0.62719
0.65246
0.68774
0.60746
0.30422
0.15978
0.03755
0.05650
0.00000
0.02188
0.02420
0.04957
0.01317
0.00000
0.00000
0.00000
0.05959
0.28316
0.42585
0.63106
0.51173
0.71536
0.69264
0.66031
0.64885
0.63659
0.62290
0.52797
0.28652
0.22691
0.05392
0.00000
0.00000
0.02955
0.04030
0.00000
0.00000
0.00000
0.00000
0.00000
0.11430
0.24603
0.30836
0.53595
0.53861
0.67944
0.74992
0.63581
0.65249
0.60801
0.55972
0.45961
0.11755
0.18084
0.11484
0.00000
0.03371
0.00000
0.03364
0.00000
0.04133
0.01996
0.02533
0.06530
0.17155
0.23456
0.36851
0.51040
0.64832
0.76387
0.68689
0.76220
0.65446
0.66000
0.63038
0.53814
0.31018
0.17001
0.13881
0.15666
0.02361
0.02809
0.05603
0.01165
0.01373
0.03589
0.11859
0.02305
0.14544
0.22348
0.43003
0.50992
0.62573
0.60115
0.69716
0.71812
0.79983
0.64598
0.53377
0.59328
0.31949
0.17473
0.13764
0.01554
0.02432
0.03351
0.00000
0.01484
0.00000
0.02944
0.04211
0.00000
0.10512
0.23301
0.36685
0.50117
0.54727
0.60151
0.68692
0.67212
0.69551
0.71665
0.62942
0.51699
0.23138
0.18273
0.02331
0.01455
0.00000
0.00000
0.00000
0.02758
0.04197
0.00000
0.09464
0.00000
0.14734
0.23081
0.43373
0.51573
0.51358
0.70834
0.68175
0.80305
0.64466
0.66298
0.60222
0.45410
0.33792
0.11296
0.05484
0.00000
0.07026
0.00000
0.00000
0.04743
0.00000
0.05411
0.01443
0.00000
0.13702
0.21544
0.42615
0.60444
0.52866
0.64571
0.71990
0.69884
0.67317
0.64807
0.56206
0.52736
0.32050
0.17957
0.01155
0.00000
0.00000
0.03257
0.09807
0.00000
0.01564
0.06528
0.00000
0.00000
0.12155
0.19911
0.40888
0.51314
0.63010
0.65148
0.69299
0.68683
0.74484
0.66267
0.60188
0.54434
0.29354
0.21977
0.13035
0.00000
0.00000
0.01263
0.00000
0.00000
0.08275
0.00000
0.00000
0.00000
0.12854
0.14962
0.35574
0.54944
0.60464
0.65158
0.69789
0.62831
0.62129
0.70256
0.57146
0.44438
0.26853
0.12605
0.13822
0.00000
0.08089
0.00000
0.01437
0.03772
0.00000
0.03793
0.03545
0.00000
0.07442
0.18292
0.32263
0.46627
0.55315
0.59322
0.83503
0.62110
0.77405
0.64968
0.53143
0.50201
0.31453
0.11843
0.12410
0.00949
0.03084
0.00000
0.00708
0.08895
0.07253
0.00590
0.04991
0.00000
0.08533
0.25510
0.36282
0.59394
0.63649
0.66939
0.66879
0.68037
0.75883
0.58928
0.53458
0.52775
0.20113
0.18642
0.06523
0.00000
0.09069
0.00000
0.00000
0.00000
0.03824
0.00189
0.00000
0.00000
0.10794
0.13585
0.43770
0.54478
0.58251
0.69214
0.69295
0.66967
0.69777
0.68082
0.56320
0.55885
0.23355
0.19997
0.08711
0.06735
0.03166
0.00000
0.00338
0.00000
0.00000
0.00000
0.02622
0.08675
0.10457
0.23183
0.40555
0.59191
0.56401
0.56643
0.64673
0.66369
0.69418
0.74182
0.55401
0.56290
0.22474
0.12986
0.00000
0.00000
0.00000
0.00000
0.02566
0.04023
0.01117
0.01257
0.00000
0.00000
0.02520
0.23959
0.33037
0.53283
0.59467
0.67906
0.71349
0.71114
0.79389
0.68664
0.57830
0.57991
0.26143
0.18111
0.07912
0.04829
0.01969
0.00000
0.00000
0.03341
0.01768
0.03940
0.00000
0.00967
0.11418
0.13751
0.38995
0.51984
0.62785
0.53473
0.68262
0.70371
0.66528
0.65826
0.68700
0.62263
0.29517
0.24773
0.04665
0.00000
0.00343
0.00000
0.00370
0.00000
0.00000
0.03132
0.00000
0.00000
0.11358
0.15721
0.39561
0.52093
0.65400
0.71561
0.71396
0.62740
0.65939
0.68175
0.58197
0.52538
0.26178
0.16343
0.12052
0.06634
0.00000
0.00000
0.00000
0.00000
0.06822
0.00000
0.13234
0.05836
0.18240
0.19531
0.35320
0.60927
0.62563
0.65426
0.65089
0.68415
0.73116
0.62750
0.60338
0.48216
0.27571
0.25060
0.20350
0.02004
0.00476
0.04873
0.09076
0.00000
0.01710
0.00925
0.05612
0.00889
0.08812
0.14215
0.38740
0.60792
0.51540
0.67346
0.69528
0.71350
0.78743
0.73685
0.49225
0.49211
0.27560
0.18646
0.11116
0.02538
0.05194
0.00000
0.07471
0.00000
0.01277
0.00000
0.00000
0.00000
0.14136
0.10281
0.37674
0.57405
0.55399
0.65260
0.70178
0.74595
0.67391
0.59947
0.60303
0.65453
0.31454
0.22865
0.05445
0.00000
0.00000
0.00000
0.00000
0.00000
0.00000
0.01960
0.00000
0.02403
0.09349
0.14310
0.35491
0.48556
0.52322
0.69273
0.64155
0.62446
0.69748
0.62548
0.65772
0.52285
0.26205
0.20939
0.00626
0.00000
0.00000
0.01139
0.00000
0.01836
0.04905
0.01543
0.00000
0.00990
0.10402
0.27880
0.40614
0.60919
0.60330
0.60287
0.73317
0.72421
0.70147
0.62233
0.60413
0.59240
0.24106
0.21999
0.09016
0.00000
0.00000
0.04049
0.00000
0.06401
0.02517
0.05037
0.14898
0.00528
0.12758
0.22918
0.48465
0.55442
0.56409
0.64792
0.71111
0.69244
0.71433
0.62812
0.59908
0.59903
0.26631
0.29657
0.04826
0.00000
0.01984
0.00000
0.00000
0.00000
0.00169
0.03116
0.02945
0.00000
0.00000
0.16252
0.44554
0.54736
0.68765
0.57000
0.76203
0.72986
0.67627
0.61539
0.67626
0.42935
0.30443
0.13494
0.06712
0.00000
0.00000
0.00000
0.03451
0.00000
0.01696
0.00000
0.00427
0.00000
0.06210
0.18562
0.47262
0.62174
0.55946
0.65987
0.71788
0.65169
0.65037
0.67050
0.62123
0.58721
0.28488
0.20073
0.10958
0.03965
0.02249
0.00000
0.00000
0.03400
0.00000
0.00000
0.00000
0.00000
0.00240
0.14577
0.38560
0.58708
0.62124
0.67038
0.75260
0.65655
0.53986
0.68533
0.51534
0.58723
0.26346
0.15089
0.09078
0.07926
0.01487
0.01541
0.10810
0.00000
0.00000
0.00000
0.00000
0.01846
0.09830
0.22851
0.41825
0.50873
0.55388
0.71800
0.69949
0.74028
0.68879
0.60501
0.59241
0.53201
0.32616
0.16579
0.02796
0.00000
0.06283
0.00000
0.00000
0.02294
0.00000
0.00000
0.00000
0.00000
0.05582
0.28002
0.37838
0.56884
0.54058
0.59317
0.72030
0.65149
0.74870
0.68678
0.56181
0.64999
0.26865
0.15528
0.10517
0.07411
0.03348
0.05425
0.03846
0.00744
0.00982
0.00741
0.00321
0.05604
0.00177
0.28513
0.40831
0.64345
0.62622
0.72187
0.79908
0.73348
0.60482
0.65099
0.59614
0.48955
0.36881
0.21285
0.00000
0.00064
0.04144
0.00000
0.00000
0.08151
0.05317
0.05784
0.00000
0.00000
0.06185
0.19399
0.40479
0.55281
0.65384
0.59964
0.65349
0.74330
0.70111
0.57766
0.63692
0.55681
0.31485
0.26805
0.08560
0.00000
0.04015
0.00000
0.00000
0.04711
0.06151
0.00000
0.00000
0.05052
0.17046
0.08157
0.46310
0.53972
0.61840
0.65300
0.59754
0.57412
0.65476
0.68469
0.54565
0.58902
0.29581
0.20072
0.12930
0.00000
0.00000
0.00000
0.06386
0.02192
0.00000
0.10919
0.00980
0.01761
0.16285
0.19961
0.48556
0.57056
0.63185
0.70056
0.73288
0.73487
0.63548
0.48304
0.63796
0.56277
0.32018
0.19721
0.14191
0.08119
0.00000
0.00063
0.00000
0.00000
0.00000
0.00000
0.03002
0.15577
0.14202
0.23857
0.33572
0.56597
0.53464
0.70336
0.70665
0.68321
0.64852
0.61946
0.67748
0.59336
0.35548
0.21410
0.11908
0.00000
0.00000
0.00000
0.01783
0.00600
0.00551
0.01133
0.00000
0.01913
0.05852
0.09035
0.38580
0.56978
0.62611
0.67196
0.71345
0.67009
0.68146
0.61788
0.57938
0.49118
0.28273
0.12254
0.17543
0.00000
0.00000
0.00000
0.00000
0.00000
0.07685
0.00000
0.03863
0.07750
0.11863
0.25275
0.37924
0.49183
0.54624
0.73246
0.71520
0.61614
0.66706
0.64749
0.63719
0.47520
0.33831
0.20714
0.16127
0.00050
0.06022
0.07757
0.00000
0.00000
0.03345
0.00000
0.00000
0.11922
0.09565
0.19963
0.28121
0.47230
0.52615
0.64725
0.70141
0.71676
0.74194
0.66436
0.59413
0.52969
0.37803
0.23269
0.12870
0.02356
0.00000
0.03211
0.00000
0.00000
0.00000
0.01366
0.05064
0.04660
0.16448
0.20698
0.38117
0.51391
0.55917
0.66989
0.69092
0.61880
0.59888
0.65526
0.56041
0.50748
0.35818
0.28764
0.11707
0.00000
0.00000
0.04313
0.00000
0.00000
0.00000
0.00000
0.00000
0.02667
0.07099
0.20271
0.45489
0.61444
0.60801
0.73062
0.69976
0.70648
0.75162
0.64561
0.60437
0.56226
0.26460
0.20908
0.12240
0.03184
0.00615
0.00000
0.00000
0.00000
0.03962
0.00000
0.00000
0.09227
0.15959
0.24202
0.41465
0.59692
0.63911
0.63945
0.77719
0.62603
0.64640
0.65255
0.54438
0.50885
0.40014
0.24777
0.09494
0.00000
0.06875
0.00000
0.04271
0.17873
0.00000
0.00000
0.07450
0.00000
0.18796
0.21315
0.40372
0.55913
0.60699
0.64884
0.59718
0.67735
0.72836
0.62113
0.63798
0.56692
0.28200
0.18966
0.14994
0.00000
0.00000
0.03922
0.05855
0.00000
0.00000
0.01698
0.00457
0.00000
0.19556
0.22091
0.38360
0.49852
0.64281
0.71241
0.77182
0.73062
0.74899
0.61001
0.52899
0.64444
0.26969
0.28200
0.09933
0.00000
0.00196
0.00000
0.03880
0.00000
0.00000
0.00000
0.06285
0.00000
0.09746
0.22152
0.43461
0.49657
0.62305
0.65447
0.78017
0.77987
0.71819
0.64348
0.59397
0.52319
0.31027
0.13565
0.05483
0.00456
0.00000
0.00848
0.00942
0.05402
0.00000
0.00000
0.00000
0.00000
0.12018
0.28047
0.42732
0.61805
0.57789
0.58318
0.64648
0.71173
0.75235
0.64748
0.64316
0.73788
0.30838
0.19446
0.11409
0.11555
0.04251
0.03841
0.00000
0.00657
0.00000
0.00000
0.01959
0.05836
0.06001
0.22019
0.36308
0.62537
0.60039
0.59684
0.67598
0.73385
0.76842
0.68567
0.60577
0.52939
0.41210
0.23748
0.12232
0.04500
0.00000
0.01728
0.08211
0.00000
0.07552
0.04083
0.02846
0.00000
0.03120
0.30829
0.43716
0.55197
0.58797
0.65203
0.67904
0.71978
0.70598
0.65516
0.63650
0.54577
0.25091
0.26126
0.10163
0.00000
0.00000
0.00000
0.00000
0.03126
0.03963
0.02647
0.00000
0.00000
0.09579
0.26741
0.44576
0.59697
0.55617
0.65243
0.79843
0.71771
0.71121
0.64741
0.66756
0.54702
0.25861
0.14843
0.03049
0.06526
0.08750
0.00000
0.02502
0.02276
0.00000
0.00000
0.00000
0.10148
0.10997
0.24688
0.32342
0.56629
0.62702
0.63027
0.66608
0.67165
0.68749
0.70433
0.70521
0.58948
0.39093
0.15326
0.09845
0.06505
0.00000
0.02544
0.00000
0.00617
0.02942
0.02329
0.00000
0.04799
0.15606
0.23516
0.39042
0.59341
0.66974
0.70294
0.62907
0.76871
0.78122
0.63794
0.59358
0.52062
0.27878
0.23563
0.12253
0.00000
0.00000
0.02036
0.05144
0.00000
0.01305
0.00000
0.00772
0.00000
0.06586
0.13354
0.40691
0.56581
0.66397
0.62571
0.77689
0.72390
0.69478
0.63619
0.54752
0.55419
0.22167
0.21603
0.09051
0.00000
0.02189
0.00000
0.00000
0.00897
0.08599
0.02491
0.00000
0.00000
0.05693
0.22779
0.49890
0.48902
0.54508
0.65948
0.68696
0.70346
0.70118
0.61564
0.68410
0.60405
0.32103
0.28019
0.04216
0.00000
0.00000
0.00000
0.03341
0.00000
0.00000
0.03184
0.00000
0.00000
0.09365
0.22491
0.40883
0.46004
0.54587
0.73634
0.69430
0.72309
0.73977
0.68204
0.57049
0.59542
0.27526
0.17795
0.09753
0.08185
0.00000
0.04339
0.05438
0.00000
0.03549
0.06751
0.04761
0.00000
0.06977
0.19391
0.37252
0.56157
0.59354
0.66974
0.63251
0.70173
0.75654
0.68161
0.63356
0.57006
0.34381
0.19402
0.10029
0.00000
0.00000
0.05667
0.00000
0.00000
0.00000
0.04334
0.00000
0.00000
0.04702
0.25420
0.50121
0.61730
0.63639
0.65416
0.72907
0.60719
0.60896
0.67011
0.68888
0.57282
0.34519
0.20613
0.09828
0.02825
0.13609
0.00000
0.00000
0.00000
0.00000
0.04143
0.00000
0.00000
0.16614
0.18339
0.45246
0.49653
0.56779
0.63951
0.69070
0.71227
0.70525
0.63278
0.57558
0.64579
0.31191
0.24386
0.07958
0.06255
0.01714
0.00000
0.00000
0.03643
0.00000
0.05680
0.00000
0.00655
0.09616
0.27401
0.40134
0.67044
0.61535
0.71073
0.77140
0.70095
0.68200
0.61692
0.53539
0.55730
0.33347
0.21322
0.08488
0.03077
0.00000
0.03180
0.00000
0.01385
0.02285
0.00000
0.00000
0.01010
0.10953
0.33047
0.43360
0.53479
0.65947
0.64601
0.71397
0.73157
0.64374
0.60555
0.61481
0.60936
0.27799
0.19679
0.12970
0.00000
0.00000
0.00000
0.00000
0.00547
0.00000
0.00000
0.02065
0.03210
0.05504
0.19299
0.36553
0.62576
0.55001
0.73868
0.72161
0.67534
0.66333
0.72292
0.62418
0.52273
0.31650
0.13766
0.16967
0.00000
0.00000
0.00000
0.00000
0.00000
0.00000
0.00000
0.00000
0.00000
0.06627
0.29873
0.50115
0.44780
0.67605
0.74964
0.68805
0.71865
0.75431
0.60851
0.62258
0.52821
0.28032
0.13706
0.03870
0.09454
0.02359
0.00000
0.00274
0.00000
0.00000
0.03156
0.06912
0.04174
0.16385
0.25628
0.26765
0.53350
0.57341
0.62341
0.63767
0.57438
0.65588
0.67257
0.64392
0.50754
0.24406
0.22558
0.25154
0.00000
0.00979
0.02888
0.00371
0.00000
0.01846
0.05077
0.00287
0.00000
0.05256
0.13050
0.37277
0.59111
0.53659
0.68298
0.68510
0.74711
0.62358
0.72742
0.57559
0.59461
0.35796
0.19035
0.17028
0.00000
0.05911
0.01553
0.00681
0.00801
0.01518
0.00000
0.01560
0.00000
0.16958
0.22361
0.29073
0.63605
0.66053
0.61920
0.68887
0.59418
0.81345
0.59784
0.58279
0.58161
0.25475
0.18419
0.15216
0.00000
0.00000
0.04050
0.00000
0.00000
0.00000
0.00000
0.00000
0.00000
0.08543
0.19872
0.39697
0.66477
0.59777
0.70928
0.73892
0.68006
0.67856
0.63821
0.56462
0.54786
0.42415
0.15546
0.10024
0.00000
0.00000
0.00065
0.05872
0.00191
0.00000
0.01244
0.00000
0.06226
0.15865
0.17849
0.47059
0.55619
0.64743
0.70479
0.68295
0.63516
0.61194
0.63794
0.58957
0.52971
0.27260
0.23817
0.14903
0.03002
0.05502
0.00000
0.01078
0.05787
0.05035
0.00000
0.00000
0.09437
0.12793
0.19205
0.38827
0.58815
0.57698
0.65336
0.72829
0.67017
0.63076
0.71599
0.57388
0.50537
0.28943
0.18596
0.12651
0.00000
0.06584
0.04361
0.05140
0.00000
0.03586
0.00000
0.09311
0.00000
0.06835
0.21534
0.36299
0.46376
0.65700
0.61443
0.63391
0.73790
0.73552
0.65942
0.58333
0.52661
0.21713
0.22084
0.15767
0.00000
0.01247
0.01762
0.00000
0.06986
0.00000
0.05638
0.00000
0.00000
0.11692
0.12401
0.36659
0.57622
0.63964
0.62037
0.61319
0.68081
0.69599
0.61043
0.67552
0.56689
0.32256
0.17274
0.00619
0.00000
0.00000
0.00952
0.00430
0.00000
0.00097
0.01725
0.10043
0.00000
0.11032
0.17343
0.34839
0.54494
0.62433
0.59147
0.70652
0.71504
0.67428
0.58845
0.55980
0.51341
0.30432
0.25084
0.13930
0.02897
0.00965
0.00000
0.00000
0.00000
0.03976
0.00000
0.00582
0.00000
0.00000
0.19635
0.49614
0.60070
0.61274
0.60270
0.73197
0.69310
0.71877
0.54910
0.63074
0.50238
0.36809
0.26194
0.07501
0.02673
0.07155
0.00000
0.00000
0.00000
0.00000
0.06312
0.01208
0.04961
0.12805
0.22296
0.33109
0.47737
0.64049
0.60071
0.77226
0.61953
0.72909
0.63691
0.59004
0.51206
0.21420
0.24831
0.11052
0.00000
0.04020
0.00000
0.01573
0.01182
0.04633
0.00000
0.00000
0.01990
0.15509
0.17073
0.45264
0.60687
0.56713
0.72667
0.65068
0.69066
0.71372
0.73427
0.63105
0.53479
0.24687
0.18607
0.18202
0.00000
0.05135
0.07377
0.03545
0.04093
0.00877
0.00000
0.02476
0.00000
0.02380
0.18546
0.41775
0.50442
0.54303
0.71761
0.67645
0.66156
0.71068
0.66199
0.56529
0.59454
0.35942
0.21773
0.13108
0.07613
0.00000
0.00000
0.00000
0.03553
0.00000
0.00000
0.02917
0.02867
0.14124
0.06174
0.37656
0.54031
0.54469
0.61374
0.70742
0.68171
0.74356
0.67463
0.67501
0.61293
0.26618
0.11900
0.04103
0.07338
0.00000
0.05463
0.00000
0.02801
0.03585
0.00000
0.05270
0.07367
0.00000
0.23039
0.31163
0.59283
0.65231
0.78163
0.67595
0.69392
0.71710
0.73654
0.68579
0.56954
0.19709
0.14449
0.09248
0.00000
0.00792
0.00000
0.00893
0.00000
0.07237
0.01596
0.00000
0.00000
0.14380
0.07839
0.29212
0.57447
0.57645
0.72743
0.64809
0.72662
0.63898
0.64263
0.63153
0.53848
0.25309
0.23741
0.17602
0.03547
0.05454
0.09196
0.00000
0.00000
0.07474
0.00005
0.00480
0.00000
0.08023
0.16976
0.43989
0.45357
0.58814
0.73260
0.79184
0.76267
0.76976
0.66041
0.64205
0.60794
0.20535
0.26337
0.09434
0.00000
0.02341
0.06462
0.00000
0.02030
0.00000
0.03103
0.03736
0.00000
0.08844
0.21862
0.42088
0.58918
0.59378
0.66827
0.73372
0.70924
0.67104
0.56889
0.66089
0.54400
0.28692
0.31007
0.14998
0.00553
0.02036
0.00000
0.00000
0.06600
0.06271
0.00000
0.00000
0.00000
0.06986
0.19305
0.37766
0.53414
0.54959
0.66884
0.69518
0.64654
0.68612
0.76257
0.46617
0.51092
0.32741
0.08756
0.11240
0.04105
0.00928
0.00000
0.04274
0.01599
0.02766
0.00000
0.00000
0.00000
0.07471
0.13295
0.30473
0.57414
0.56983
0.57254
0.64292
0.73641
0.70640
0.72149
0.56340
0.53719
0.34068
0.18965
0.10017
0.00000
0.00000
0.02335
0.00000
0.00000
0.02773
0.05538
0.00000
0.03554
0.12271
0.14006
0.38699
0.60494
0.55569
0.68281
0.74672
0.66276
0.76471
0.71287
0.67348
0.64082
0.25124
0.11829
0.01933
0.00000
0.00000
0.00000
0.00000
0.06468
0.00637
0.05250
0.00896
0.00168
0.04895
0.20218
0.41410
0.51615
0.55785
0.63297
0.77936
0.75339
0.63563
0.65833
0.57611
0.57995
0.22650
0.15649
0.04674
0.00000
0.00000
0.01119
0.00000
0.04504
0.09008
0.00000
0.00000
0.02698
0.09292
0.16033
0.42557
0.53010
0.62052
0.56207
0.70115
0.65684
0.62796
0.63321
0.58269
0.52144
0.35691
0.11271
0.00158
0.00649
0.03736
0.02647
0.00000
0.03122
0.00000
0.00000
0.00000
0.01333
0.12214
0.22998
0.48354
0.62330
0.68352
0.60370
0.66806
0.66282
0.68936
0.68356
0.46543
0.63492
0.26528
0.27575
0.07404
0.00000
0.00000
0.00383
0.00000
0.00000
0.01408
0.00000
0.00095
0.04310
0.14299
0.21831
0.38033
0.59130
0.55152
0.66870
0.74260
0.68468
0.64434
0.64025
0.61127
0.54741
0.42034
0.30970
0.08732
0.00000
0.04958
0.02871
0.15096
0.00000
0.00000
0.00000
0.00000
0.07205
0.15543
0.19040
0.41612
0.55302
0.55361
0.72081
0.75105
0.69307
0.64989
0.62438
0.59006
0.55172
0.26545
0.29657
0.07218
0.00000
0.00000
0.00000
0.04123
0.00000
0.04850
0.00000
0.04831
0.00000
0.02920
0.28502
0.42904
0.48970
0.71205
0.67654
0.66312
0.72549
0.69110
0.62053
0.54191
0.59156
0.38084
0.21363
0.07648
0.01782
0.00000
0.00000
0.07020
0.02757
0.00000
0.02750
0.01021
0.01962
0.00000
0.19534
0.43421
0.48071
0.61881
0.61327
0.72204
0.62634
0.68628
0.70080
0.63631
0.60131
0.35565
0.18166
0.06537
0.06573
0.08690
0.06186
0.04882
0.08237
0.00000
0.01144
0.00000
0.00000
0.06614
0.13112
0.43414
0.54672
0.65026
0.64072
0.71123
0.70394
0.69254
0.63322
0.56435
0.54895
0.22952
0.23608
0.09176
0.02512
0.00000
0.00442
0.03898
0.03733
0.00000
0.00000
0.01511
0.00000
0.14551
0.22985
0.41950
0.63185
0.61605
0.63834
0.78088
0.66984
0.70953
0.69182
0.59444
0.59709
0.32742
0.25203
0.16553
0.00558
0.01388
0.00000
0.06683
0.00000
0.10525
0.00000
0.00000
0.00000
0.10750
0.07569
0.42289
0.50311
0.51907
0.58288
0.64065
0.76742
0.75250
0.60807
0.64607
0.55527
0.27749
0.25813
0.10510
0.00000
0.00000
0.04744
0.04831
0.09638
0.00000
0.00000
0.00624
0.00000
0.05984
0.17756
0.34412
0.50327
0.65820
0.61746
0.63680
0.61255
0.64371
0.64445
0.56016
0.50273
0.30009
0.15801
0.13304
0.00000
0.03206
0.00000
0.00446
0.00000
0.00000
0.00000
0.00000
0.00000
0.09234
0.23993
0.26469
0.53795
0.48363
0.67813
0.67904
0.64449
0.75689
0.72520
0.68000
0.51789
0.27824
0.14351
0.08390
0.04719
0.00000
0.00000
0.02320
0.00000
0.00000
0.15631
0.00000
0.04232
0.05304
0.18359
0.47949
0.55342
0.60848
0.60316
0.76501
0.69864
0.72159
0.58705
0.63351
0.58087
0.28325
0.24678
0.15480
0.01862
0.00000
0.00772
0.00000
0.00000
0.00000
0.03523
0.00000
0.00000
0.17555
0.16402
0.40757
0.56229
0.67088
0.59403
0.77719
0.68311
0.60975
0.63606
0.46738
0.54035
0.30161
0.18588
0.20066
0.09489
0.00000
0.00091
0.00000
0.00000
0.00000
0.03683
0.03864
0.00000
0.10376
0.22326
0.36487
0.55300
0.62468
0.61867
0.80679
0.73831
0.60530
0.57881
0.59849
0.50526
0.35472
0.17893
0.00000
0.00000
0.00575
0.00000
0.00000
0.00000
0.00000
0.04413
0.00000
0.02335
0.06260
0.17263
0.36909
0.48510
0.64156
0.58153
0.76050
0.68982
0.73401
0.68978
0.51100
0.59295
0.28561
0.23509
0.05893
0.03953
0.00000
0.00000
0.00758
0.03966
0.00000
0.00000
0.02189
0.00000
0.09867
0.15403
0.35835
0.54411
0.52451
0.71798
0.71187
0.64636
0.66494
0.64117
0.69670
0.55663
0.38082
0.22203
0.16916
0.00000
0.08327
0.02786
0.00000
0.00000
0.04195
0.00000
0.03815
0.00000
0.12978
0.18525
0.40853
0.45874
0.62558
0.71686
0.72250
0.66075
0.74923
0.64579
0.62251
0.50862
0.30714
0.13040
0.15048
0.03775
0.10881
0.00433
0.00000
0.00000
0.05533
0.02012
0.00000
0.00000
0.14034
0.12106
0.41209
0.41153
0.61940
0.71459
0.66944
0.62827
0.68638
0.72345
0.54226
0.46139
0.35196
0.33213
0.13697
0.00000
0.03874
0.03311
0.04367
0.02209
0.01939
0.02054
0.01604
0.04914
0.15540
0.22756
0.41896
0.44338
0.55812
0.68800
0.66822
0.67589
0.60393
0.72077
0.61910
0.51900
0.29987
0.21772
0.00000
0.08655
0.09160
0.00000
0.05702
0.00000
0.03582
0.00000
0.00000
0.00349
0.02741
0.14713
0.37331
0.59206
0.58294
0.59351
0.73632
0.74526
0.58843
0.63720
0.58386
0.47443
0.32926
0.21916
0.03196
0.02487
0.00000
0.03876
0.01738
0.00000
0.01981
0.00252
0.05000
0.00000
0.09833
0.19651
0.37180
0.55709
0.69890
0.61939
0.69673
0.62868
0.73491
0.65449
0.63500
0.54612
0.32683
0.13803
0.13444
0.00000
0.00000
0.00393
0.00000
0.07601
0.00000
0.00422
0.04530
0.01667
0.04929
0.24953
0.41493
0.52981
0.62917
0.64656
0.73782
0.73520
0.70481
0.57631
0.55258
0.57673
0.27080
0.20332
0.08366
0.00000
0.00000
0.02810
0.01265
0.00000
0.00000
0.11157
0.00000
0.09512
0.13983
0.21576
0.30072
0.54819
0.52796
0.60085
0.72601
0.69493
0.74132
0.66044
0.62140
0.50835
0.26237
0.26912
0.09859
0.00000
0.00000
0.00457
0.04117
0.00000
0.00000
0.00000
0.00000
0.08346
0.18774
0.19325
0.36385
0.57921
0.52963
0.63663
0.71854
0.69996
0.63613
0.71873
0.52714
0.51893
0.28838
0.13917
0.11052
0.00000
0.09453
0.00000
0.10341
0.01075
0.01429
0.00000
0.00000
0.01726
0.05292
0.24426
0.43943
0.56094
0.57509
0.65095
0.77771
0.66712
0.79022
0.70210
0.65879
0.55360
0.38955
0.22375
0.11761
0.00000
0.07270
0.00000
0.02805
0.00825
0.08255
0.04631
0.00724
0.14010
0.12981
0.26236
0.33138
0.54411
0.65673
0.61259
0.67401
0.72486
0.73510
0.63814
0.54661
0.64456
0.22141
0.17423
0.10156
0.00000
0.00000
0.01948
0.09554
0.05645
0.00417
0.00190
0.00000
0.00000
0.03949
0.09516
0.37981
0.58704
0.56446
0.65393
0.71655
0.75062
0.68593
0.70272
0.55218
0.58523
0.29707
0.19990
0.01671
0.00000
0.04921
0.04205
0.01287
0.05863
0.00000
0.04895
0.03797
0.00087
0.03061
0.10978
0.35044
0.57012
0.64612
0.64720
0.69490
0.69293
0.65684
0.62210
0.50794
0.52567
0.30498
0.21779
0.07776
0.10775
0.01731
0.05072
0.00000
0.00000
0.00000
0.07021
0.00000
0.00000
0.06017
0.27943
0.42870
0.56149
0.51081
0.64604
0.64610
0.71442
0.70172
0.55676
0.51830
0.57889
0.33387
0.18178
0.07594
0.07418
0.00000
0.00000
0.00000
0.07183
0.00000
0.01969
0.01192
0.00000
0.13448
0.21774
0.50322
0.50102
0.69527
0.72794
0.73340
0.73689
0.69718
0.61837
0.57109
0.59616
0.28028
0.25607
0.16542
0.00000
0.00000
0.04980
0.00000
0.02083
0.00000
0.00494
0.00000
0.00000
0.10094
0.17770
0.41891
0.51450
0.60209
0.67095
0.69951
0.76121
0.62467
0.71478
0.62322
0.57265
0.25731
0.21975
0.05688
0.11456
0.05089
0.00673
0.00000
0.00535
0.00000
0.08474
0.04899
0.00000
0.13443
0.17986
0.35234
0.61897
0.51238
0.57934
0.64708
0.73106
0.64181
0.72306
0.63914
0.65334
0.25833
0.06939
0.10680
0.00000
0.01152
0.03196
0.07157
0.00000
0.03223
0.00000
0.02574
0.00000
0.00422
0.22738
0.49723
0.48431
0.65673
0.66926
0.76422
0.65751
0.64998
0.69243
0.62183
0.60179
0.37863
0.23841
0.12142
0.00000
0.06211
0.00000
0.05032
0.00000
0.06793
0.04112
0.06772
0.00000
0.17849
0.17074
0.39084
0.50041
0.63485
0.64862
0.68155
0.69993
0.73254
0.66245
0.57321
0.57708
0.28821
0.15526
0.00000
0.00000
0.05362
0.00000
0.06233
0.03197
0.04288
0.00000
0.02591
0.03713
0.16314
0.19964
0.35637
0.54408
0.60627
0.59489
0.68439
0.65858
0.61088
0.58398
0.60563
0.56286
0.32481
0.18748
0.11556
0.00000
0.00000
0.00000
0.00000
0.01173
0.00597
0.03907
0.06336
0.00000
0.01979
0.18322
0.39160
0.53932
0.53764
0.63279
0.58375
0.68897
0.78055
0.62060
0.59886
0.51982
0.33047
0.19904
0.08446
0.04737
0.00000
0.00000
0.01744
0.00000
0.04377
0.00000
0.00000
0.00000
0.01296
0.23497
0.40504
0.56630
0.58951
0.64494
0.77819
0.74484
0.73423
0.66834
0.60612
0.49880
0.26277
0.14206
0.07474
0.00000
0.00452
0.00000
0.02498
0.00000
0.00000
0.00000
0.00000
0.05574
0.12286
0.13272
0.45909
0.57682
0.65006
0.62193
0.65141
0.76503
0.72820
0.70079
0.53744
0.48289
0.36896
0.19840
0.09504
0.05550
0.00000
0.00000
0.06695
0.00246
0.00000
0.00000
0.00000
0.08365
0.11510
0.16366
0.37107
0.58081
0.63051
0.70708
0.70241
0.68302
0.73627
0.57890
0.65319
0.59965
0.31811
0.18655
0.10425
0.00000
0.00000
0.00785
0.00000
0.00000
0.04217
0.02556
0.04712
0.04319
0.16680
0.29420
0.41762
0.47197
0.55310
0.64162
0.71204
0.82398
0.72372
0.71381
0.59998
0.46496
0.34029
0.23585
0.10742
0.03532
0.00000
0.05188
0.00867
0.00000
0.00000
0.04822
0.06105
0.00000
0.06612
0.19782
0.48360
0.50053
0.59738
0.58202
0.71901
0.64179
0.67915
0.69252
0.60856
0.48537
0.30750
0.24850
0.04914
0.01094
0.01570
0.00000
0.00000
0.08163
0.06297
0.00531
0.00000
0.00000
0.14836
0.20841
0.35822
0.54745
0.63121
0.67029
0.66268
0.76747
0.68992
0.62585
0.64593
0.68093
0.34710
0.29197
0.04154
0.00000
0.00000
0.00000
0.00000
0.00000
0.00000
0.00000
0.07513
0.00205
0.09255
0.18893
0.39185
0.57161
0.53535
0.64527
0.66283
0.74632
0.71138
0.63653
0.65488
0.49735
0.23376
0.15831
0.06099
0.00000
0.01876
0.01651
0.00000
0.04084
0.00000
0.08389
0.00087
0.07557
0.08741
0.08913
0.44200
0.54032
0.61979
0.58055
0.66133
0.71747
0.75006
0.65385
0.57690
0.50905
0.34522
0.18078
0.11702
0.02259
0.02627
0.05637
0.01906
0.06166
0.02069
0.07321
0.03918
0.00000
0.14496
0.23658
0.40525
0.46306
0.68937
0.65127
0.73512
0.67096
0.76096
0.63777
0.51022
0.60801
0.28594
0.11851
0.11287
0.00000
0.03357
0.02820
0.00000
0.06468
0.00000
0.01342
0.00000
0.00593
0.07972
0.18958
0.31508
0.50475
0.60613
0.62557
0.68323
0.65774
0.69698
0.64182
0.60975
0.52022
0.26670
0.15883
0.06828
0.00000
0.00000
0.08368
0.00000
0.00000
0.04839
0.06681
0.10175
0.00000
0.11966
0.25190
0.44215
0.52774
0.67019
0.67394
0.69411
0.64832
0.70709
0.68806
0.60481
0.57965
0.32254
0.22552
0.12392
0.00000
0.04570
0.01457
0.00000
0.00000
0.00000
0.01297
0.00000
0.06255
0.13178
0.19367
0.47599
0.53222
0.56330
0.64361
0.71228
0.74783
0.67899
0.66611
0.58811
0.50444
0.22561
0.18064
0.15076
0.02596
0.09000
0.11077
0.00000
0.02639
0.00863
0.00000
0.01740
0.00053
0.22394
0.25022
0.47772
0.53194
0.60048
0.57192
0.63366
0.65338
0.80710
0.67375
0.60576
0.62812
0.28549
0.26596
0.12952
0.03772
0.14127
0.04127
0.01141
0.02766
0.04748
0.00949
0.00957
0.00000
0.07521
0.12954
0.43014
0.54822
0.67070
0.60877
0.77290
0.63423
0.67040
0.67471
0.61636
0.47342
0.30333
0.21105
0.10935
0.02220
0.01425
0.02442
0.00000
0.01734
0.07246
0.00000
0.00000
0.00000
0.09894
0.13340
0.41885
0.60076
0.59796
0.64073
0.67392
0.64902
0.77892
0.60796
0.51452
0.66318
0.27480
0.14478
0.06837
0.03830
0.02533
0.03592
0.07102
0.05412
0.01523
0.01208
0.03441
0.03557
0.06178
0.13021
0.39695
0.58070
0.59286
0.63140
0.62459
0.73242
0.67510
0.66402
0.59147
0.49965
0.23585
0.15622
0.09055
0.00000
0.00000
0.06589
0.00000
0.01630
0.00000
0.00000
0.00318
0.03130
0.06179
0.22920
0.37946
0.50429
0.55551
0.65324
0.72401
0.64692
0.66732
0.66810
0.59136
0.51107
0.28560
0.19484
0.06335
0.04554
0.01816
0.00000
0.04740
0.03034
0.00000
0.00000
0.00000
0.07243
0.07667
0.10451
0.39041
0.59862
0.58891
0.58555
0.65935
0.71972
0.70741
0.59960
0.56648
0.60206
0.22531
0.18830
0.07616
0.00000
0.00666
0.00000
0.00000
0.00779
0.02023
0.00000
0.00000
0.00000
0.07036
0.24106
0.47091
0.49477
0.62569
0.73433
0.65358
0.71448
0.63292
0.63338
0.59782
0.55168
0.43233
0.12499
0.07152
0.00000
0.04532
0.01688
0.06409
0.00000
0.01372
0.00000
0.00000
0.00000
0.12252
0.15600
0.34371
0.58147
0.62117
0.55618
0.64900
0.67805
0.67412
0.64341
0.59383
0.56691
0.35095
0.20713
0.15055
0.01130
0.00000
0.00000
0.00000
0.00000
0.00000
0.00000
0.00000
0.00000
0.08103
0.22735
0.37939
0.57320
0.68052
0.69109
0.74300
0.63247
0.77086
0.63383
0.68198
0.56541
0.31334
0.18970
0.08416
0.04771
0.06818
0.00000
0.00000
0.01642
0.07748
0.09243
0.00000
0.00000
0.13873
0.19638
0.38588
0.63178
0.68593
0.62275
0.70861
0.67922
0.71153
0.60990
0.61070
0.59908
0.27861
0.19188
0.07328
0.07860
0.02823
0.00000
0.04325
0.00000
0.04844
0.04494
0.01306
0.04199
0.13160
0.28459
0.38898
0.45672
0.64734
0.59960
0.69510
0.72590
0.69250
0.69106
0.58105
0.51515
0.36343
0.10979
0.04569
0.00000
0.01167
0.00000
0.00000
0.00591
0.05134
0.01723
0.00000
0.02701
0.10102
0.20447
0.36267
0.50171
0.61793
0.68930
0.72972
0.75532
0.76585
0.67094
0.63841
0.55109
0.29573
0.18937
0.08602
0.02474
0.00000
0.03990
0.00000
0.00000
0.03556
0.00000
0.00000
0.00000
0.16459
0.16116
0.40715
0.52592
0.53177
0.65080
0.74966
0.71440
0.65721
0.72105
0.60694
0.58043
0.30072
0.18640
0.21796
0.00244
0.05503
0.01089
0.02237
0.01632
0.00000
0.01426
0.00000
0.02422
0.05627
0.24376
0.42172
0.59526
0.58427
0.65823
0.85514
0.70283
0.67377
0.70065
0.58185
0.58523
0.37097
0.16561
0.07520
0.00000
0.08426
0.00000
0.02753
0.04065
0.07353
0.00000
0.00977
0.11119
0.06565
0.17939
0.33228
0.62667
0.56872
0.64807
0.68331
0.73378
0.71729
0.67059
0.57223
0.46020
0.30702
0.05057
0.09356
0.00000
0.00000
0.00000
0.00000
0.03148
0.00000
0.00000
0.00000
0.00000
0.09507
0.19586
0.49337
0.47734
0.61505
0.74566
0.72838
0.64585
0.72234
0.66583
0.60119
0.49925
0.21804
0.24982
0.18764
0.03383
0.03624
0.09783
0.00000
0.00000
0.00000
0.00000
0.07675
0.02955
0.16703
0.18954
0.38481
0.60957
0.56210
0.64272
0.57259
0.71100
0.76721
0.63065
0.55305
0.58646
0.32852
0.19194
0.19339
0.02301
0.02638
0.04238
0.00000
0.01273
0.00000
0.00784
0.06552
0.01926
0.09295
0.26185
0.40144
0.54538
0.58893
0.64207
0.69808
0.77402
0.69151
0.64820
0.66488
0.49477
0.33673
0.14857
0.00000
0.00000
0.00000
0.00000
0.00000
0.00000
0.05254
0.03566
0.02473
0.00000
0.10207
0.20650
0.40945
0.55846
0.59006
0.71836
0.60116
0.73530
0.69551
0.68825
0.59557
0.58091
0.38575
0.18773
0.11177
0.01265
0.00000
0.03269
0.00000
0.04386
0.00000
0.00000
0.00000
0.03096
0.10182
0.12753
0.46088
0.56820
0.63187
0.62051
0.65797
0.71008
0.67630
0.67444
0.54125
0.48096
0.32115
0.28320
0.15187
0.00000
0.08548
0.00000
0.00000
0.01527
0.04785
0.07138
0.00000
0.03196
0.04864
0.27006
0.39706
0.63737
0.54896
0.58167
0.61914
0.69477
0.63832
0.79163
0.53333
0.61179
0.32458
0.05728
0.14049
0.05122
0.00000
0.01506
0.00000
0.00226
0.04101
0.00000
0.00000
0.00000
0.13903
0.24245
0.42724
0.57360
0.62654
0.69726
0.77205
0.71414
0.56363
0.64783
0.52852
0.57536
0.30110
0.20458
0.07554
0.09201
0.10691
0.00000
0.00000
0.00000
0.00000
0.00445
0.05007
0.01578
0.06311
0.15006
0.35488
0.57198
0.66850
0.60896
0.64236
0.62881
0.65784
0.63721
0.61424
0.58223
0.32264
0.19166
0.11723
0.00035
0.00000
0.00000
0.00000
0.04241
0.09991
0.01815
0.00000
0.00000
0.09075
0.19789
0.39358
0.58000
0.68729
0.62229
0.58264
0.73914
0.71559
0.69845
0.50285
0.57046
0.28084
0.17201
0.07057
0.00361
0.04028
0.01775
0.00000
0.00000
0.08443
0.00000
0.00000
0.02279
0.02403
0.19093
0.36344
0.57034
0.59199
0.69914
0.79910
0.65848
0.67577
0.65823
0.59080
0.55336
0.25472
0.20948
0.08279
0.02719
0.00000
0.00000
0.00000
0.02371
0.01743
0.00000
0.00000
0.00104
0.11737
0.23541
0.41973
0.56518
0.57870
0.70712
0.69441
0.68236
0.77305
0.53270
0.65036
0.50286
0.45706
0.10843
0.08683
0.00000
0.00000
0.02554
0.00000
0.00000
0.09385
0.01905
0.02398
0.03388
0.11149
0.32741
0.45330
0.57141
0.58528
0.63145
0.72454
0.70509
0.69030
0.66609
0.63805
0.64302
0.27537
0.19558
0.07033
0.00752
0.01377
0.01100
0.02360
0.00000
0.00000
0.03425
0.00000
0.00178
0.03339
0.17471
0.36764
0.48294
0.53280
0.70452
0.70227
0.73922
0.76334
0.68601
0.68866
0.59477
0.41441
0.18544
0.00000
0.05714
0.02673
0.00000
0.02089
0.00000
0.00000
0.02979
0.03832
0.00000
0.11081
0.25623
0.40851
0.47941
0.66891
0.65435
0.65140
0.72511
0.67634
0.65762
0.60870
0.58028
0.32747
0.19651
0.10180
0.04812
0.00377
0.00000
0.03612
0.01821
0.02386
0.00000
0.03143
0.03216
0.18056
0.12797
0.38078
0.66207
0.59616
0.62952
0.80679
0.64277
0.77000
0.65956
0.56620
0.50099
0.25346
0.22879
0.12925
0.03238
0.00511
0.00000
0.00000
0.05306
0.00000
0.02848
0.00000
0.00000
0.14674
0.14322
0.44098
0.55092
0.57692
0.61887
0.74234
0.70277
0.73914
0.65749
0.47474
0.56714
0.29469
0.20914
0.10389
0.00000
0.02294
0.03940
0.03752
0.00294
0.00000
0.01830
0.00000
0.05638
0.10925
0.11274
0.34772
0.52942
0.64338
0.71870
0.71038
0.61642
0.62752
0.66321
0.54514
0.46096
0.29536
0.18437
0.06580
0.00000
0.00000
0.11106
0.00370
0.03216
0.01456
0.00000
0.01714
0.00000
0.03941
0.19796
0.40089
0.70472
0.56166
0.54865
0.72497
0.70148
0.74159
0.61377
0.73141
0.57932
0.32990
0.12161
0.07014
0.00000
0.00000
0.00000
0.04610
0.00000
0.00000
0.03687
0.00000
0.00000
0.05246
0.21542
0.31800
0.54275
0.56581
0.56818
0.77544
0.68119
0.71785
0.65389
0.70775
0.48962
0.23046
0.15650
0.14471
0.03713
0.02122
0.05684
0.00000
0.00000
0.10265
0.04032
0.06740
0.00000
0.07005
0.23473
0.45643
0.59521
0.74057
0.59702
0.68870
0.68682
0.58581
0.62905
0.54164
0.58989
0.22877
0.24648
0.00507
0.00000
0.00000
0.00000
0.00000
0.01079
0.00000
0.01268
0.00000
0.00000
0.08659
0.17916
0.34909
0.57250
0.61385
0.59467
0.71382
0.78899
0.70905
0.69708
0.67081
0.60578
0.27344
0.21393
0.20190
0.00483
0.09753
0.07589
0.00000
0.00000
0.00000
0.00000
0.00000
0.08298
0.17018
0.16452
0.35719
0.55448
0.54046
0.46883
0.58813
0.67822
0.72435
0.66279
0.59473
0.56712
0.35580
0.21736
0.12018
0.01777
0.00000
0.00000
0.00511
0.00445
0.00000
0.00000
0.01889
0.00000
0.07635
0.31716
0.38424
0.48006
0.67021
0.65093
0.73020
0.60686
0.65583
0.62665
0.65649
0.53136
0.27180
0.11872
0.00254
0.01841
0.00000
0.00000
0.00000
0.04165
0.05620
0.03148
0.00699
0.00000
0.12241
0.09270
0.38525
0.56913
0.55561
0.74759
0.74206
0.70547
0.73162
0.57186
0.63166
0.43575
0.28888
0.14430
0.01921
0.00396
0.00000
0.00000
0.07734
0.06844
0.02485
0.00000
0.04480
0.00000
0.09720
0.11715
0.50323
0.55953
0.58136
0.68216
0.68212
0.69001
0.76070
0.73520
0.61907
0.53558
0.31395
0.13615
0.01286
0.05860
0.00000
0.00000
0.06761
0.00000
0.00000
0.03518
0.10258
0.00000
0.08271
0.17985
0.37792
0.60043
0.55943
0.57309
0.69360
0.54813
0.70899
0.58639
0.55744
0.48587
0.24967
0.19433
0.03883
0.00000
0.02519
0.00000
0.05764
0.07805
0.00000
0.03972
0.01707
0.04309
0.07756
0.22396
0.48830
0.58444
0.56986
0.62521
0.67303
0.65666
0.62402
0.65817
0.56264
0.42937
0.24826
0.17563
0.06740
0.00000
0.02174
0.00111
0.00000
0.02380
0.00000
0.03054
0.00130
0.10184
0.08889
0.28851
0.43546
0.59802
0.62194
0.60802
0.69508
0.72946
0.65683
0.61374
0.63672
0.61979
0.28074
0.21549
0.06795
0.00000
0.00000
0.03580
0.00000
0.06732
0.00000
0.00000
0.00000
0.00118
0.09718
0.20982
0.40114
0.54637
0.60591
0.61951
0.70815
0.68889
0.71516
0.68956
0.63816
0.58859
0.35695
0.26221
0.14037
0.00000
0.00000
0.00000
0.00118
0.01905
0.00000
0.00000
0.02040
0.00000
0.17742
0.22357
0.34682
0.60634
0.58263
0.71645
0.73493
0.68084
0.63841
0.60361
0.59408
0.44513
0.24844
0.24341
0.09054
0.02689
0.00000
0.00000
0.00000
0.00000
0.00887
0.00000
0.00000
0.07985
0.00000
0.28343
0.48915
0.50205
0.59022
0.66680
0.70347
0.69231
0.66451
0.60427
0.53991
0.52529
0.31295
0.15951
0.13552
0.00000
0.04062
0.03768
0.01525
0.01530
0.00000
0.00000
0.00000
0.03598
0.10728
0.18410
0.39289
0.60845
0.48768
0.60170
0.74472
0.72315
0.60208
0.62206
0.49536
0.44459
0.35787
0.34990
0.07839
0.00000
0.03474
0.12045
0.00000
0.00000
0.00224
0.00000
0.00000
0.00000
0.17354
0.28315
0.37400
0.49472
0.65511
0.67121
0.67954
0.69086
0.69743
0.65289
0.58852
0.61835
0.27982
0.16682
0.09330
0.00000
0.03491
0.01331
0.00000
0.06782
0.01307
0.00000
0.00000
0.00000
0.09032
0.21620
0.35076
0.53815
0.63773
0.64564
0.69676
0.71296
0.70755
0.67530
0.51355
0.52683
0.34358
0.18551
0.12927
0.00000
0.00000
0.04520
0.13747
0.00000
0.02248
0.00000
0.00000
0.00000
0.07563
0.21633
0.45465
0.53202
0.57412
0.70987
0.75329
0.63587
0.69473
0.57925
0.50420
0.56161
0.35023
0.18314
0.02464
0.05609
0.00707
0.13634
0.00000
0.00000
0.00000
0.00000
0.03576
0.00000
0.11350
0.22573
0.26026
0.57333
0.51888
0.70319
0.67376
0.74158
0.65708
0.68797
0.56653
0.48204
0.23333
0.16355
0.11372
0.04551
0.04241
0.00000
0.00127
0.03799
0.09350
0.00000
0.02068
0.01822
0.02659
0.19882
0.43091
0.44951
0.67471
0.64291
0.73854
0.73330
0.66274
0.63694
0.60569
0.53553
0.17437
0.19750
0.10700
0.01104
0.04298
0.00000
0.00000
0.01590
0.11113
0.00000
0.03017
0.06596
0.05694
0.17196
0.45248
0.59391
0.56431
0.74265
0.76718
0.67019
0.67370
0.62577
0.59256
0.51683
0.41377
0.15333
0.05261
0.00000
0.05595
0.03853
0.00000
0.01230
0.02124
0.09171
0.01577
0.00000
0.12851
0.26537
0.35582
0.44065
0.65436
0.63611
0.63955
0.55443
0.78043
0.61540
0.62962
0.53597
0.29228
0.16568
0.18756
0.00000
0.01646
0.01892
0.08842
0.03479
0.02942
0.00000
0.03944
0.01611
0.05302
0.18102
0.39194
0.49661
0.63023
0.62076
0.71485
0.71405
0.67286
0.59119
0.61970
0.59522
0.26952
0.12951
0.12506
0.00000
0.01785
0.03113
0.02607
0.00000
0.00000
0.00000
0.00000
0.02871
0.14789
0.17757
0.49569
0.51659
0.51950
0.61641
0.67208
0.73282
0.68444
0.67414
0.59866
0.64828
0.25241
0.22292
0.15647
0.00000
0.00000
0.01255
0.00000
0.00576
0.00000
0.00000
0.00000
0.00000
0.04020
0.16687
0.45388
0.53835
0.51924
0.60960
0.73822
0.67558
0.69445
0.62656
0.65802
0.63561
0.32736
0.21572
0.04541
0.00000
0.00000
0.09134
0.00000
0.00000
0.00000
0.06061
0.00000
0.00000
0.07037
0.25134
0.40994
0.61293
0.66151
0.65735
0.68134
0.72863
0.70790
0.64189
0.49939
0.62620
0.26360
0.20593
0.12297
0.00522
0.00000
0.00000
0.00000
0.02438
0.00429
0.00000
0.00000
0.02418
0.07408
0.13139
0.44690
0.58998
0.59116
0.56281
0.72066
0.69473
0.64972
0.67659
0.64615
0.48413
0.26439
0.18824
0.16819
0.00000
0.01088
0.03945
0.01909
0.01638
0.00000
0.03494
0.00000
0.00000
0.03664
0.31079
0.44716
0.53962
0.58837
0.65994
0.79170
0.64914
0.77180
0.63373
0.57417
0.60935
0.29896
0.09003
0.03119
0.00000
0.00000
0.05381
0.00000
0.00000
0.04647
0.00000
0.00000
0.03182
0.02345
0.30866
0.30722
0.56872
0.53783
0.63909
0.69359
0.65704
0.74294
0.68741
0.62614
0.52615
0.30588
0.15824
0.07893
0.04412
0.05121
0.00523
0.01607
0.01388
0.07296
0.00000
0.00000
0.01318
0.09404
0.18202
0.43726
0.50121
0.66967
0.59733
0.78004
0.70429
0.69329
0.69128
0.61441
0.48176
0.21665
0.17451
0.11724
0.00000
0.01930
0.00000
0.06810
0.03854
0.00000
0.03403
0.00000
0.00000
0.06783
0.15109
0.33425
0.54048
0.70220
0.64441
0.74033
0.68951
0.63694
0.58455
0.71063
0.46042
0.26004
0.20871
0.14713
0.10125
0.06270
0.00000
0.00000
0.04988
0.00000
0.00000
0.02420
0.08954
0.08366
0.12350
0.48135
0.52329
0.62426
0.71844
0.78437
0.65165
0.79245
0.64856
0.66139
0.64462
0.34951
0.23065
0.08463
0.00000
0.03711
0.06635
0.00000
0.08220
0.00113
0.04645
0.00000
0.00000
0.12154
0.26147
0.47616
0.57779
0.53032
0.66882
0.72573
0.72845
0.70869
0.74190
0.60994
0.48753
0.33271
0.11200
0.16108
0.04066
0.03948
0.00000
0.03125
0.04110
0.00000
0.07342
0.01523
0.00519
0.09664
0.13251
0.36886
0.56571
0.57422
0.63596
0.81206
0.72918
0.80903
0.72623
0.76136
0.55063
0.26881
0.13412
0.15315
0.00000
0.00000
0.01810
0.00000
0.00000
0.00000
0.00000
0.02001
0.00000
0.11934
0.16970
0.31545
0.57635
0.61643
0.64891
0.67666
0.70030
0.72783
0.65630
0.57329
0.53243
0.26757
0.22551
0.11838
0.00000
0.09618
0.00000
0.00000
0.02349
0.02895
0.01308
0.05219
0.00000
0.07580
0.18712
0.35874
0.54347
0.55394
0.69118
0.68332
0.65598
0.68191
0.70623
0.55754
0.56501
0.29865
0.19838
0.07956
0.00000
0.00000
0.00000
0.04058
