0.15647
0.00000
0.06452
0.00307
0.03399
0.00000
0.00000
0.02224
0.05430
0.00000
0.01347
0.26699
0.29260
0.51908
0.60685
0.58845
0.72293
0.69204
0.75655
0.64156
0.55168
0.52074
0.36519
0.17490
0.06183
0.09172
0.01773
0.00000
0.00000
0.00000
0.00000
0.00000
0.00000
0.00000
0.11037
0.18945
0.44783
0.53559
0.59832
0.72731
0.68271
0.67346
0.68526
0.63525
0.62270
0.48234
0.31561
0.20191
0.05250
0.00000
0.06177
0.02766
0.00159
0.00000
0.01271
0.07579
0.00000
0.00000
0.10192
0.20352
0.37158
0.56176
0.60907
0.70590
0.78087
0.67342
0.70600
0.67278
0.59972
0.50695
0.27512
0.23711
0.03802
0.00000
0.00000
0.03739
0.00660
0.00000
0.00000
0.00000
0.00000
0.00086
0.03714
0.14453
0.35979
0.50445
0.64113
0.65487
0.66075
0.71665
0.67909
0.65554
0.53928
0.46708
0.24678
0.19733
0.13890
0.04055
0.00341
0.08804
0.06455
0.00000
0.01267
0.05941
0.00000
0.09733
0.12490
0.18771
0.46304
0.57483
0.52233
0.63646
0.67958
0.68329
0.61503
0.59355
0.57262
0.50061
0.34291
0.25538
0.06811
0.00000
0.05804
0.00000
0.02940
0.00000
0.00000
0.11354
0.00000
0.05182
0.13932
0.17601
0.33526
0.54449
0.58374
0.71958
0.60104
0.63743
0.75228
0.67580
0.58853
0.54145
0.32986
0.14091
0.16085
0.00000
0.07929
0.00000
0.04416
0.00000
0.00000
0.06438
0.03631
0.05562
0.07652
0.23298
0.40476
0.57012
0.49796
0.65081
0.65908
0.67786
0.71355
0.64611
0.58661
0.53684
0.30708
0.10167
0.03818
0.00000
0.00000
0.04720
0.00000
0.02754
0.00000
0.00000
0.00000
0.00000
0.12265
0.18450
0.30109
0.56583
0.58469
0.62679
0.62457
0.74339
0.69857
0.64069
0.59105
0.54680
0.35996
0.22602
0.07383
0.01473
0.00000
0.00000
0.00634
0.00000
0.00000
0.00560
0.03605
0.00000
0.03486
0.24428
0.40627
0.59129
0.62429
0.64731
0.64492
0.68201
0.75115
0.69789
0.62436
0.53841
0.40625
0.20954
0.06542
0.02015
0.00397
0.03018
0.00000
0.07872
0.08133
0.03346
0.09451
0.01373
0.17484
0.18000
0.30764
0.52935
0.48787
0.58771
0.71204
0.72212
0.66068
0.66430
0.60851
0.43734
0.25370
0.19687
0.22854
0.04639
0.02465
0.00000
0.00000
0.00000
0.04761
0.00000
0.00000
0.03049
0.00879
0.16873
0.40003
0.48377
0.46720
0.65916
0.68023
0.70523
0.70223
0.70431
0.70965
0.52966
0.29619
0.16052
0.03096
0.00000
0.00000
0.00000
0.00000
0.11278
0.00000
0.03807
0.00000
0.00000
0.07856
0.14598
0.38662
0.60627
0.57260
0.54499
0.79655
0.64762
0.69218
0.68676
0.67757
0.53344
0.25408
0.23955
0.06887
0.00000
0.03125
0.00688
0.00000
0.01160
0.00000
0.07334
0.00818
0.00000
0.02325
0.21830
0.39904
0.43960
0.61982
0.67563
0.72226
0.66356
0.59928
0.70590
0.57049
0.62086
0.27652
0.15986
0.09472
0.00000
0.05923
0.00000
0.06890
0.00000
0.00000
0.05175
0.05951
0.03195
0.00000
0.20019
0.37340
0.59934
0.50355
0.58471
0.66835
0.68669
0.56718
0.69913
0.57142
0.55302
0.32180
0.17602
0.11747
0.00000
0.00000
0.00000
0.00650
0.00000
0.06275
0.00000
0.00000
0.00000
0.11428
0.23118
0.36092
0.51313
0.53194
0.67432
0.67166
0.72032
0.68155
0.71498
0.56125
0.53853
0.28866
0.13551
0.10179
0.04040
0.00000
0.00000
0.00000
0.00000
0.00000
0.00000
0.00871
0.00000
0.08176
0.11912
0.40520
0.54036
0.70486
0.62988
0.69642
0.64565
0.68574
0.70904
0.60239
0.46553
0.25682
0.27592
0.12104
0.00000
0.00000
0.00862
0.02079
0.00562
0.00000
0.00406
0.09381
0.00000
0.16192
0.23751
0.42431
0.59014
0.61387
0.65170
0.69609
0.76459
0.74140
0.71388
0.56795
0.54454
0.34830
0.24997
0.07147
0.00000
0.00806
0.03955
0.01420
0.00000
0.01502
0.15058
0.00000
0.00000
0.13186
0.18642
0.47966
0.59522
0.62825
0.69697
0.70596
0.71421
0.64590
0.63193
0.60073
0.57314
0.32736
0.19017
0.19031
0.02696
0.00058
0.07000
0.00000
0.00000
0.00000
0.00000
0.00000
0.01644
0.10235
0.25748
0.38567
0.51864
0.46668
0.65969
0.67918
0.79221
0.70091
0.66728
0.59080
0.65012
0.30869
0.08442
0.04134
0.02435
0.00000
0.01841
0.00000
0.00000
0.05633
0.00000
0.00884
0.00000
0.11031
0.22872
0.44266
0.60126
0.56753
0.72640
0.65357
0.74952
0.65058
0.65429
0.58077
0.60552
0.33547
0.14710
0.13629
0.08829
0.04968
0.00000
0.05070
0.00628
0.01747
0.00000
0.00000
0.00000
0.09232
0.19348
0.41085
0.55215
0.65162
0.73253
0.70700
0.68439
0.66628
0.67289
0.60060
0.58769
0.28126
0.18309
0.01684
0.00000
0.00000
0.07120
0.07333
0.00000
0.01861
0.00000
0.01996
0.00000
0.11852
0.15438
0.55185
0.51089
0.56278
0.61784
0.78580
0.67149
0.68994
0.61782
0.59353
0.54578
0.25623
0.20000
0.12610
0.00000
0.00000
0.01725
0.03666
0.00000
0.11263
0.02640
0.00000
0.00000
0.15021
0.28408
0.42055
0.46743
0.50596
0.70375
0.75912
0.59838
0.64738
0.69498
0.60910
0.54463
0.26630
0.22819
0.05098
0.03826
0.06095
0.00876
0.00000
0.00000
0.01167
0.02751
0.00000
0.00000
0.16706
0.27642
0.41547
0.53217
0.69834
0.68078
0.65357
0.68862
0.68792
0.69649
0.63441
0.57422
0.23519
0.01015
0.19512
0.04949
0.00000
0.02604
0.05733
0.04953
0.00000
0.00522
0.00000
0.02034
0.04073
0.19993
0.40815
0.61305
0.66917
0.58023
0.73790
0.74455
0.76007
0.59487
0.62519
0.54566
0.29569
0.12635
0.07796
0.00000
0.01427
0.00000
0.00000
0.02149
0.00000
0.10879
0.00000
0.00000
0.11147
0.21767
0.38811
0.49229
0.48759
0.61577
0.70294
0.60214
0.70319
0.63350
0.65054
0.55142
0.29405
0.17081
0.06485
0.00000
0.00000
0.02846
0.00000
0.00000
0.00974
0.00000
0.00000
0.00000
0.10279
0.18545
0.39478
0.62855
0.53787
0.65944
0.69383
0.77775
0.68173
0.60208
0.61089
0.69596
0.27323
0.12873
0.13996
0.05781
0.00000
0.00000
0.00445
0.00000
0.03159
0.00000
0.08104
0.06458
0.08591
0.21006
0.40171
0.53763
0.64040
0.64269
0.64595
0.70642
0.76277
0.63336
0.57745
0.58507
0.33037
0.17208
0.12180
0.00000
0.00000
0.05095
0.00000
0.00000
0.00000
0.00803
0.00000
0.04187
0.05473
0.15582
0.41057
0.49082
0.60238
0.65802
0.73911
0.66276
0.67392
0.72351
0.58826
0.42622
0.36258
0.18688
0.12651
0.05474
0.02541
0.00000
0.07042
0.00000
0.00000
0.00000
0.00000
0.02153
0.05871
0.19504
0.45462
0.56300
0.47265
0.60063
0.64125
0.78435
0.77406
0.62854
0.63665
0.60157
0.37000
0.30371
0.18927
0.04529
0.11262
0.09964
0.00000
0.00000
0.00000
0.08597
0.00123
0.00932
0.06391
0.25742
0.42295
0.49956
0.72641
0.60321
0.72931
0.74279
0.68137
0.70729
0.63971
0.60794
0.30206
0.11358
0.07265
0.00944
0.00000
0.05995
0.00059
0.00000
0.00000
0.01884
0.06216
0.00000
0.13805
0.20011
0.32628
0.55537
0.60307
0.71179
0.57460
0.76029
0.64504
0.67042
0.70610
0.59788
0.18810
0.17779
0.08311
0.00776
0.04089
0.00000
0.11363
0.01837
0.00989
0.00000
0.00000
0.06738
0.10169
0.21427
0.36223
0.59246
0.56314
0.58191
0.75039
0.71483
0.66421
0.62332
0.63570
0.62279
0.29320
0.19099
0.09102
0.07314
0.00000
0.00000
0.01076
0.00000
0.04885
0.00000
0.01552
0.03882
0.05171
0.14045
0.43604
0.50886
0.54681
0.62166
0.68279
0.72154
0.68637
0.65554
0.63760
0.66984
0.27291
0.26241
0.07840
0.04126
0.00000
0.00000
0.00000
0.03380
0.04478
0.00000
0.07512
0.02708
0.11476
0.27350
0.41037
0.56323
0.61582
0.74180
0.79373
0.82040
0.67730
0.70795
0.61085
0.52753
0.35086
0.17381
0.06585
0.03433
0.03755
0.00000
0.01384
0.00000
0.00976
0.04760
0.00000
0.00000
0.07679
0.17483
0.33498
0.64258
0.60488
0.68426
0.75727
0.77190
0.74424
0.70397
0.45566
0.50868
0.32889
0.26597
0.11175
0.10765
0.00000
0.02457
0.00000
0.04700
0.12585
0.00000
0.00000
0.06828
0.08452
0.16809
0.35266
0.51592
0.65599
0.70409
0.73529
0.59753
0.74824
0.65261
0.55703
0.58048
0.29366
0.29558
0.11374
0.05251
0.00000
0.02652
0.07089
0.00167
0.00000
0.00000
0.08571
0.01809
0.07603
0.17785
0.40532
0.52336
0.64417
0.66040
0.75813
0.68833
0.75240
0.71274
0.64463
0.48941
0.37453
0.15062
0.00416
0.00000
0.00000
0.00000
0.00000
0.00000
0.04099
0.04287
0.00000
0.05098
0.00722
0.23476
0.38905
0.56582
0.53291
0.61583
0.71643
0.75665
0.75284
0.64294
0.56902
0.59579
0.36496
0.27919
0.03879
0.02155
0.03052
0.09256
0.00000
0.00000
0.00327
0.10486
0.06775
0.06808
0.12044
0.20048
0.41494
0.53291
0.63156
0.64171
0.78078
0.66426
0.68619
0.63757
0.62299
0.51430
0.24500
0.15584
0.07357
0.04292
0.02214
0.02218
0.00000
0.00000
0.00000
0.00000
0.00000
0.01714
0.05637
0.26968
0.34665
0.53371
0.55628
0.73732
0.64884
0.66677
0.71005
0.63206
0.53533
0.47680
0.26789
0.32068
0.12402
0.00000
0.07702
0.00463
0.03383
0.00000
0.03033
0.01377
0.00000
0.00000
0.06376
0.16498
0.39322
0.50869
0.59134
0.63574
0.65662
0.73743
0.68335
0.59908
0.62428
0.51893
0.33022
0.20799
0.12320
0.00000
0.00000
0.00000
0.08455
0.00000
0.00000
0.00000
0.00000
0.00000
0.13270
0.21438
0.37101
0.52805
0.56186
0.61562
0.65759
0.69777
0.66293
0.60249
0.65068
0.50469
0.29850
0.26972
0.02193
0.03939
0.00000
0.00000
0.01133
0.00814
0.00000
0.00000
0.04778
0.07357
0.14151
0.17588
0.40758
0.57141
0.53660
0.71281
0.68252
0.63058
0.74259
0.62638
0.63308
0.63498
0.28451
0.14951
0.00000
0.00000
0.01613
0.04130
0.00000
0.00000
0.03957
0.01225
0.00833
0.01310
0.10493
0.20621
0.40185
0.52014
0.55700
0.69982
0.66553
0.76236
0.74040
0.74204
0.52934
0.63855
0.30163
0.15290
0.04962
0.03030
0.00000
0.00072
0.02314
0.05169
0.00000
0.00000
0.02006
0.00000
0.04750
0.22480
0.34779
0.48776
0.52091
0.57852
0.68872
0.73626
0.67413
0.72137
0.60906
0.61809
0.29216
0.20709
0.02675
0.05481
0.00000
0.00000
0.00000
0.00000
0.00000
0.00397
0.00000
0.00000
0.02518
0.17713
0.36960
0.58621
0.55959
0.63921
0.65126
0.66258
0.67628
0.61370
0.55711
0.52735
0.36065
0.18432
0.06364
0.00000
0.00000
0.10701
0.03959
0.00000
0.00000
0.00425
0.00000
0.02813
0.08619
0.26877
0.42282
0.57001
0.54973
0.60049
0.65195
0.72855
0.68123
0.64526
0.58083
0.56809
0.30341
0.10400
0.06885
0.01609
0.00851
0.00000
0.05141
0.02944
0.00165
0.03804
0.00000
0.06934
0.06610
0.25535
0.35665
0.49902
0.60665
0.68658
0.54606
0.69880
0.67869
0.65863
0.58266
0.51853
0.29429
0.18334
0.10471
0.00466
0.00000
0.00683
0.06886
0.00000
0.02774
0.00000
0.00000
0.00000
0.00981
0.30948
0.38644
0.51951
0.55046
0.63826
0.72329
0.76920
0.68786
0.71387
0.58994
0.55124
0.26995
0.15190
0.08065
0.02569
0.01386
0.00023
0.00000
0.04117
0.00000
0.00000
0.00000
0.06837
0.10322
0.15464
0.32771
0.63047
0.62483
0.65390
0.72321
0.66495
0.61472
0.56931
0.62943
0.59297
0.31056
0.32174
0.08473
0.00000
0.05701
0.04094
0.00000
0.00000
0.01139
0.00000
0.01338
0.00000
0.00268
0.27615
0.37141
0.65045
0.60920
0.64053
0.68946
0.70314
0.74381
0.67265
0.63929
0.51844
0.34548
0.19826
0.12243
0.02578
0.03681
0.00000
0.01791
0.00000
0.00000
0.00000
0.02633
0.00465
0.11516
0.26120
0.36592
0.61726
0.59504
0.64426
0.67143
0.64913
0.69439
0.68142
0.55975
0.56653
0.34828
0.10219
0.10442
0.00000
0.09439
0.00000
0.00000
0.00000
0.00000
0.00000
0.01737
0.00000
0.16280
0.27668
0.29227
0.53981
0.73026
0.60981
0.75623
0.75699
0.64496
0.66509
0.54698
0.63887
0.26764
0.14363
0.00000
0.00000
0.00000
0.02507
0.00000
0.04362
0.00000
0.00000
0.00000
0.08662
0.04530
0.23695
0.36658
0.60269
0.58910
0.56911
0.72001
0.64443
0.66884
0.58368
0.64009
0.57213
0.31709
0.14661
0.04590
0.00000
0.02334
0.00000
0.00000
0.00000
0.08925
0.07006
0.03270
0.00000
0.06794
0.20523
0.39272
0.54059
0.67372
0.50253
0.80428
0.68461
0.72258
0.65495
0.55363
0.56256
0.35453
0.21518
0.08366
0.00000
0.00000
0.00000
0.00000
0.03248
0.00000
0.06820
0.00000
0.00000
0.13305
0.24940
0.46605
0.53100
0.68130
0.63456
0.68219
0.70580
0.68412
0.66532
0.67189
0.54953
0.36476
0.19029
0.14423
0.04154
0.02467
0.00000
0.08121
0.00000
0.07713
0.00000
0.00000
0.01714
0.08424
0.25730
0.34626
0.55500
0.64402
0.64572
0.68123
0.73733
0.70308
0.66128
0.67316
0.52785
0.37650
0.19064
0.03794
0.02385
0.01442
0.00000
0.02701
0.00000
0.00000
0.00000
0.02507
0.00000
0.00000
0.29424
0.43725
0.60960
0.61029
0.62247
0.71329
0.74749
0.71596
0.68507
0.55635
0.56263
0.41125
0.20620
0.16086
0.00000
0.00000
0.00000
0.04334
0.00000
0.00000
0.00000
0.00000
0.02727
0.06746
0.21761
0.40780
0.53581
0.60641
0.56913
0.73404
0.68883
0.70626
0.65851
0.53616
0.53937
0.32545
0.21938
0.11763
0.01480
0.10820
0.14443
0.00000
0.00000
0.00000
0.09709
0.00000
0.03697
0.08721
0.15292
0.45043
0.43411
0.55478
0.66992
0.68107
0.77969
0.67069
0.72218
0.66096
0.66359
0.40645
0.19476
0.05693
0.07962
0.00000
0.05315
0.01134
0.01752
0.00914
0.00000
0.00000
0.01594
0.08379
0.30104
0.37097
0.53464
0.60107
0.59432
0.75775
0.70845
0.57517
0.68933
0.56014
0.49999
0.21151
0.13614
0.05489
0.08819
0.00000
0.00000
0.08493
0.07340
0.00000
0.00000
0.00000
0.05695
0.01046
0.19895
0.42238
0.53959
0.62543
0.70281
0.69028
0.68826
0.76747
0.61267
0.72798
0.55912
0.28446
0.23198
0.07670
0.00000
0.00000
0.00000
0.07765
0.02652
0.02095
0.00000
0.05847
0.00000
0.15005
0.16374
0.42939
0.48800
0.60600
0.63480
0.66266
0.69756
0.72094
0.67842
0.50511
0.51079
0.33721
0.19920
0.08177
0.05772
0.03282
0.13131
0.00000
0.00000
0.00000
0.00000
0.00000
0.00000
0.10127
0.31166
0.51988
0.65239
0.60673
0.58515
0.76794
0.72868
0.74444
0.62303
0.59130
0.58404
0.25942
0.17909
0.17518
0.04256
0.09114
0.02487
0.00000
0.00657
0.00000
0.05068
0.01212
0.00000
0.09596
0.20050
0.45887
0.45366
0.54393
0.61325
0.65872
0.73086
0.70450
0.64035
0.55952
0.53301
0.23776
0.11704
0.01811
0.00000
0.00000
0.00850
0.00000
0.00000
0.00366
0.03465
0.04661
0.02348
0.15974
0.20978
0.37968
0.51485
0.57543
0.70149
0.69447
0.73934
0.58184
0.70574
0.53698
0.56618
0.34809
0.15591
0.07063
0.00000
0.09755
0.00086
0.00000
0.00685
0.00000
0.06776
0.00000
0.00000
0.11869
0.18511
0.34462
0.55774
0.60665
0.60030
0.64416
0.62090
0.69822
0.66674
0.66483
0.64804
0.28267
0.17573
0.09566
0.08840
0.04097
0.05862
0.03601
0.02908
0.00000
0.00000
0.00000
0.00000
0.06316
0.29177
0.36030
0.47740
0.61853
0.66593
0.65283
0.66810
0.69935
0.58105
0.55030
0.50295
0.32946
0.15478
0.04693
0.00000
0.00000
0.08035
0.06181
0.00000
0.00000
0.00000
0.03815
0.00882
0.14765
0.20958
0.47465
0.59046
0.55946
0.57949
0.65215
0.74483
0.74186
0.62267
0.52604
0.54926
0.27526
0.13061
0.15096
0.05457
0.00000
0.00000
0.02270
0.01693
0.00000
0.01115
0.02325
0.10156
0.00000
0.14647
0.29739
0.52970
0.53725
0.64988
0.70156
0.70683
0.73359
0.62462
0.56854
0.54665
0.28485
0.17554
0.07189
0.00000
0.00000
0.01468
0.00000
0.04161
0.10155
0.00000
0.06498
0.00000
0.03848
0.12038
0.39887
0.62327
0.63966
0.58860
0.63128
0.72745
0.70114
0.67123
0.60666
0.46131
0.20788
0.28543
0.15976
0.00000
0.00000
0.04289
0.01564
0.00420
0.00000
0.00000
0.05230
0.00000
0.15544
0.23316
0.37039
0.59540
0.51655
0.60229
0.71570
0.71405
0.72207
0.62111
0.56820
0.54930
0.29857
0.16827
0.23634
0.00000
0.00000
0.00000
0.00000
0.00000
0.00000
0.00000
0.01499
0.00000
0.13676
0.25035
0.43182
0.57706
0.58930
0.65895
0.67714
0.72623
0.65420
0.61072
0.64724
0.61817
0.29549
0.18392
0.07414
0.00000
0.00000
0.00498
0.00000
0.04768
0.00000
0.00000
0.00000
0.02942
0.05810
0.18334
0.39357
0.53194
0.55606
0.55294
0.64202
0.67589
0.67893
0.63605
0.54129
0.48336
0.31353
0.24731
0.09449
0.00000
0.00000
0.01120
0.04801
0.02352
0.04582
0.06089
0.00000
0.03457
0.23891
0.27111
0.33603
0.59701
0.58819
0.54905
0.59722
0.80744
0.68753
0.58011
0.62965
0.50327
0.25648
0.19093
0.10820
0.04797
0.06212
0.01489
0.00063
0.00000
0.02204
0.03932
0.05010
0.01207
0.00502
0.19322
0.47739
0.50781
0.58339
0.68646
0.70230
0.72197
0.65610
0.62488
0.59381
0.54212
0.30672
0.16971
0.12461
0.00000
0.06116
0.01288
0.02166
0.04020
0.00283
0.03073
0.00000
0.00000
0.04175
0.23617
0.41705
0.42843
0.59564
0.61768
0.67827
0.79342
0.68862
0.67333
0.54206
0.54286
0.34429
0.22322
0.05455
0.05834
0.00000
0.00000
0.02006
0.00000
0.00000
0.05342
0.00128
0.00000
0.15657
0.14446
0.38369
0.50669
0.60675
0.60748
0.80496
0.73456
0.72861
0.68349
0.62916
0.58764
0.31275
0.22080
0.09701
0.00839
0.02910
0.00000
0.03176
0.00000
0.00978
0.01355
0.02781
0.07200
0.14692
0.09923
0.38246
0.67625
0.58171
0.64576
0.80240
0.65671
0.63803
0.58985
0.59922
0.48277
0.36992
0.10681
0.12185
0.00000
0.00000
0.05580
0.02321
0.00000
0.00000
0.00000
0.01958
0.00000
0.05248
0.18271
0.30317
0.60697
0.69381
0.63418
0.73057
0.67142
0.81095
0.58813
0.52731
0.62656
0.45234
0.31723
0.16048
0.03251
0.00000
0.00000
0.00000
0.00000
0.00000
0.00000
0.02936
0.00000
0.14260
0.13977
0.38958
0.53663
0.61583
0.65486
0.70529
0.80451
0.73040
0.70661
0.57729
0.54825
0.29360
0.29705
0.05648
0.00000
0.09397
0.00000
0.00000
0.01177
0.07133
0.02482
0.12182
0.00000
0.17886
0.22270
0.30082
0.49084
0.64786
0.53955
0.70651
0.76982
0.66459
0.51849
0.70656
0.55792
0.32562
0.20979
0.01179
0.00000
0.00729
0.07098
0.00000
0.04093
0.00000
0.00949
0.10896
0.04507
0.16620
0.18047
0.34106
0.59529
0.58493
0.68956
0.69849
0.69409
0.71995
0.67267
0.60234
0.60545
0.28930
0.16906
0.07127
0.02824
0.00000
0.00000
0.00000
0.00000
0.02018
0.00000
0.09144
0.00000
0.14800
0.18739
0.39581
0.53246
0.63707
0.57975
0.71927
0.73372
0.66049
0.58604
0.61064
0.56611
0.29473
0.13838
0.10933
0.15250
0.00000
0.00000
0.01623
0.00787
0.00000
0.00000
0.00000
0.00000
0.10240
0.17725
0.36542
0.59836
0.59613
0.61373
0.82379
0.66200
0.64336
0.72356
0.58786
0.58136
0.29657
0.25947
0.06337
0.00000
0.02328
0.00000
0.00000
0.03496
0.00000
0.00000
0.00000
0.00471
0.15021
0.23871
0.38418
0.50454
0.52605
0.64706
0.73033
0.69358
0.66539
0.69781
0.56698
0.58608
0.42096
0.15929
0.08287
0.00000
0.03576
0.03170
0.03396
0.00161
0.13725
0.00000
0.00000
0.08544
0.07153
0.18985
0.31861
0.55081
0.59614
0.70891
0.65358
0.66377
0.78606
0.69270
0.72377
0.56656
0.27956
0.18877
0.09404
0.00000
0.00205
0.09974
0.01489
0.00000
0.00000
0.00000
0.02036
0.08126
0.07215
0.28834
0.42915
0.50684
0.56494
0.64674
0.71920
0.68966
0.74438
0.57008
0.59206
0.54967
0.25222
0.24839
0.04582
0.02620
0.00000
0.00028
0.01356
0.00000
0.00000
0.00000
0.00000
0.08487
0.13975
0.14772
0.35754
0.49192
0.64007
0.63568
0.66867
0.64030
0.76025
0.61649
0.61212
0.47777
0.28596
0.19088
0.17490
0.04575
0.02652
0.00000
0.05117
0.00000
0.01714
0.04781
0.05257
0.09261
0.07888
0.24102
0.41894
0.57097
0.57366
0.64536
0.73780
0.72246
0.69791
0.65323
0.55096
0.58610
0.32665
0.28444
0.08270
0.00000
0.02877
0.00000
0.00000
0.00000
0.00000
0.00000
0.00000
0.01605
0.08340
0.22301
0.40023
0.56922
0.65870
0.64140
0.63709
0.70696
0.67128
0.60167
0.57148
0.51184
0.27376
0.18287
0.12718
0.00000
0.00199
0.00000
0.00000
0.08350
0.03897
0.00000
0.02303
0.02915
0.12853
0.16737
0.42996
0.56034
0.57111
0.63383
0.65589
0.63639
0.75170
0.63143
0.67225
0.41226
0.30405
0.19033
0.01993
0.01976
0.09004
0.00000
0.00000
0.00000
0.03446
0.00958
0.06391
0.00000
0.13542
0.17292
0.40948
0.58200
0.65448
0.56037
0.72015
0.68660
0.65482
0.68494
0.55127
0.64207
0.22141
0.24285
0.11398
0.00000
0.00000
0.00000
0.00000
0.00000
0.00000
0.02107
0.06610
0.02167
0.02582
0.20585
0.39733
0.49780
0.59734
0.69877
0.67478
0.82615
0.67995
0.72256
0.64710
0.53543
0.34476
0.22503
0.01825
0.01617
0.04232
0.00057
0.00000
0.00000
0.02351
0.00000
0.09845
0.01272
0.01827
0.23109
0.35763
0.58213
0.61263
0.56317
0.67709
0.73074
0.62432
0.60312
0.65332
0.51656
0.25638
0.15456
0.03968
0.00000
0.00000
0.06133
0.00000
0.00000
0.00000
0.00000
0.04509
0.00448
0.23740
0.16683
0.32051
0.62429
0.54663
0.57077
0.63847
0.72581
0.68513
0.67115
0.61989
0.59171
0.35833
0.16859
0.06852
0.00000
0.02864
0.12642
0.03052
0.01338
0.00000
0.00000
0.00000
0.00000
0.13833
0.19421
0.40630
0.61604
0.64124
0.59788
0.73420
0.69126
0.71980
0.59573
0.68083
0.54577
0.27478
0.21365
0.14220
0.02144
0.06510
0.00000
0.01523
0.00000
0.12570
0.00000
0.01722
0.02080
0.10078
0.17987
0.45019
0.51187
0.68805
0.60427
0.62531
0.75342
0.70860
0.63866
0.63787
0.48112
0.38423
0.18121
0.12672
0.01905
0.00365
0.00000
0.06154
0.00000
0.04806
0.00000
0.00000
0.00000
0.10817
0.25258
0.31877
0.51826
0.56974
0.59204
0.63000
0.74325
0.68149
0.61290
0.63573
0.52468
0.23973
0.21323
0.05650
0.02519
0.00000
0.07450
0.00000
0.00000
0.00000
0.00000
0.02048
0.00000
0.01742
0.20703
0.43337
0.53795
0.67194
0.62373
0.72183
0.68299
0.69044
0.66693
0.60073
0.54595
0.30984
0.17549
0.04586
0.03973
0.00000
0.00000
0.00000
0.00000
0.00000
0.04756
0.00000
0.00000
0.06615
0.22472
0.35318
0.58218
0.62066
0.63837
0.61998
0.66700
0.61318
0.60199
0.61879
0.53614
0.40627
0.21441
0.07652
0.03186
0.00000
0.09159
0.00000
0.00000
0.07427
0.00412
0.00000
0.00000
0.10066
0.27022
0.38543
0.59526
0.56701
0.74803
0.67406
0.77567
0.70229
0.62294
0.61528
0.55828
0.29421
0.18946
0.10055
0.02436
0.04505
0.00000
0.00000
0.03704
0.04247
0.00000
0.00000
0.06722
0.08146
0.25939
0.45473
0.48915
0.57612
0.65403
0.72647
0.70304
0.66855
0.68043
0.64247
0.56271
0.25891
0.24144
0.00434
0.01436
0.00000
0.00000
0.00000
0.00000
0.00000
0.00000
0.07948
0.00000
0.02572
0.19489
0.37934
0.54748
0.52257
0.62621
0.60535
0.72872
0.79966
0.64810
0.61044
0.50093
0.28173
0.21859
0.18618
0.00000
0.00000
0.09668
0.00000
0.00000
0.00246
0.03618
0.00000
0.04522
0.13832
0.22983
0.39513
0.47475
0.64994
0.68543
0.67465
0.68719
0.81201
0.64922
0.55336
0.51150
0.30810
0.10555
0.03985
0.04222
0.03563
0.01670
0.05132
0.00000
0.06013
0.00000
0.00510
0.03130
0.06539
0.09079
0.41280
0.58502
0.57122
0.59205
0.66736
0.69593
0.59864
0.69004
0.58516
0.57269
0.32956
0.29567
0.15022
0.07044
0.00000
0.03070
0.02597
0.00000
0.00812
0.03291
0.00000
0.00000
0.06737
0.22506
0.40056
0.56027
0.61176
0.53431
0.69017
0.64910
0.70267
0.62008
0.48605
0.60996
0.36182
0.15587
0.07907
0.03684
0.00000
0.00065
0.00000
0.00751
0.03156
0.01986
0.06145
0.00000
0.14416
0.29101
0.44579
0.57054
0.57302
0.60729
0.70091
0.67834
0.64367
0.63132
0.55668
0.55331
0.32483
0.23099
0.11688
0.04852
0.04263
0.08528
0.00000
0.00363
0.00000
0.00000
0.00000
0.02688
0.13352
0.14792
0.43524
0.61737
0.63779
0.66175
0.72336
0.70502
0.74649
0.73445
0.61459
0.58721
0.34024
0.17956
0.02593
0.00000
0.09567
0.00000
0.00000
0.04500
0.00000
0.00000
0.03209
0.06532
0.06072
0.19375
0.35164
0.55762
0.66239
0.68657
0.64978
0.74575
0.68786
0.74940
0.64702
0.50977
0.39319
0.25326
0.17767
0.00000
0.00676
0.00000
0.00000
0.00000
0.02526
0.00919
0.00000
0.00000
0.10881
0.24596
0.41009
0.52852
0.61087
0.59772
0.73107
0.65625
0.66774
0.66528
0.62508
0.57578
0.29136
0.20532
0.10340
0.01733
0.00000
0.00000
0.00000
0.00000
0.01152
0.01135
0.04981
0.00000
0.18540
0.15206
0.41056
0.59209
0.64145
0.65235
0.70507
0.65179
0.66197
0.64873
0.54922
0.51619
0.34369
0.21889
0.03083
0.00599
0.00000
0.03480
0.00000
0.02654
0.00086
0.01365
0.00851
0.00000
0.02906
0.15547
0.42454
0.55041
0.58439
0.60711
0.70814
0.70590
0.71187
0.58814
0.70479
0.53773
0.27537
0.23300
0.07234
0.00000
0.00000
0.01605
0.00000
0.00000
0.04762
0.01422
0.11217
0.02599
0.08943
0.25270
0.40045
0.53190
0.59957
0.71164
0.65138
0.70841
0.71154
0.61374
0.61985
0.49486
0.32647
0.21706
0.07566
0.00000
0.03936
0.00000
0.00000
0.00000
0.00000
0.07128
0.10539
0.00000
0.11280
0.20000
0.35996
0.58028
0.65108
0.67667
0.63495
0.78832
0.80834
0.67803
0.56867
0.60874
0.32397
0.16468
0.07544
0.07462
0.02023
0.00000
0.00000
0.01854
0.00000
0.11671
0.00000
0.05691
0.14276
0.23233
0.43195
0.49312
0.71085
0.66182
0.68179
0.63349
0.77049
0.68267
0.51763
0.58814
0.26308
0.25898
0.00000
0.08181
0.02848
0.00000
0.09822
0.00000
0.01284
0.00000
0.00000
0.00000
0.11081
0.20566
0.38774
0.58375
0.58156
0.57524
0.59091
0.66282
0.69531
0.62992
0.63093
0.56389
0.36794
0.21479
0.09220
0.04129
0.00000
0.00597
0.00000
0.00000
0.00578
0.12373
0.01447
0.00000
0.10522
0.15265
0.41414
0.55367
0.58681
0.59098
0.68297
0.67298
0.64910
0.58562
0.57276
0.53707
0.39120
0.13853
0.11418
0.00946
0.01095
0.00000
0.07930
0.00000
0.00058
0.05488
0.00112
0.02028
0.14511
0.27388
0.42688
0.53197
0.61981
0.68373
0.67414
0.78209
0.70378
0.56318
0.65680
0.55665
0.28610
0.09108
0.14496
0.01821
0.02982
0.00000
0.00375
0.04582
0.00000
0.00000
0.00395
0.06121
0.09883
0.23142
0.35356
0.53213
0.63196
0.69010
0.83781
0.72069
0.62589
0.74605
0.68369
0.63036
0.25032
0.12932
0.17485
0.00776
0.00000
0.00000
0.00000
0.00000
0.00000
0.00000
0.00000
0.00000
0.05586
0.19218
0.41262
0.50589
0.65004
0.56479
0.76915
0.71462
0.65032
0.68138
0.52649
0.59027
0.32437
0.15199
0.04446
0.00000
0.00000
0.05840
0.02058
0.03745
0.00000
0.02702
0.06280
0.00000
0.13957
0.16815
0.41819
0.53070
0.69278
0.70680
0.74873
0.56820
0.67685
0.62052
0.58384
0.46949
0.36843
0.15706
0.07572
0.00000
0.00000
0.00000
0.05273
0.00000
0.07182
0.04744
0.00000
0.06106
0.13024
0.13719
0.41229
0.58133
0.63863
0.69322
0.68928
0.67399
0.73085
0.61155
0.61019
0.53816
0.35454
0.17377
0.05179
0.01910
0.01587
0.00000
0.03957
0.00000
0.02237
0.05416
0.00000
0.00179
0.00000
0.24989
0.47093
0.50431
0.65792
0.65358
0.69997
0.68034
0.64408
0.65456
0.56996
0.61083
0.41456
0.14513
0.15590
0.06789
0.00000
0.04805
0.00000
0.00000
0.00000
0.08599
0.00000
0.00000
0.11255
0.10075
0.45965
0.63984
0.56241
0.65501
0.55927
0.80871
0.68075
0.69072
0.60825
0.54075
0.24331
0.20886
0.03516
0.07216
0.03064
0.00000
0.00000
0.01644
0.00000
0.00000
0.00000
0.02919
0.06681
0.17700
0.37402
0.59311
0.61084
0.49050
0.67240
0.69143
0.66237
0.70175
0.70069
0.58927
0.35178
0.20752
0.13510
0.05391
0.00000
0.04664
0.02200
0.05196
0.04003
0.00000
0.00000
0.00000
0.09925
0.21311
0.41377
0.57119
0.65142
0.74736
0.66688
0.69631
0.61227
0.54382
0.53420
0.63380
0.33192
0.23962
0.01642
0.00000
0.00000
0.06219
0.00000
0.00000
0.05312
0.00674
0.00000
0.02821
0.04064
0.16934
0.34414
0.50902
0.66790
0.64219
0.66152
0.74440
0.79947
0.64687
0.59974
0.56276
0.28741
0.25704
0.12804
0.00000
0.00000
0.02874
0.04872
0.03619
0.00935
0.05469
0.00000
0.06612
0.10793
0.20617
0.41982
0.54852
0.56247
0.65750
0.61935
0.68797
0.64534
0.64681
0.58274
0.52990
0.25065
0.19862
0.15954
0.00000
0.01829
0.04871
0.10998
0.00000
0.00000
0.02743
0.00000
0.07089
0.17989
0.18767
0.43215
0.57370
0.66772
0.57801
0.75379
0.68380
0.76164
0.58357
0.62875
0.63834
0.31004
0.20600
0.09485
0.05461
0.01446
0.01375
0.00000
0.06708
0.00000
0.00000
0.04026
0.00000
0.02543
0.29322
0.36633
0.62383
0.63728
0.69446
0.61695
0.76936
0.62351
0.76590
0.62957
0.50023
0.32041
0.22827
0.08104
0.00000
0.00000
0.00000
0.00000
0.00000
0.00000
0.00000
0.00000
0.00000
0.17967
0.23100
0.41191
0.50383
0.61272
0.60027
0.66408
0.73051
0.73558
0.66562
0.54736
0.47973
0.43652
0.18221
0.03366
0.00000
0.02088
0.07279
0.04733
0.00000
0.16544
0.10162
0.00000
0.00000
0.11023
0.16335
0.33364
0.53249
0.53563
0.65309
0.65202
0.72103
0.61568
0.69247
0.56721
0.59839
0.26271
0.14472
0.10678
0.00000
0.02569
0.00000
0.02047
0.00000
0.00000
0.01905
0.00000
0.06589
0.00000
0.14295
0.37287
0.51937
0.65304
0.64758
0.67968
0.66182
0.66008
0.57276
0.59286
0.64430
0.30185
0.08855
0.06722
0.00000
0.00000
0.08256
0.06028
0.00000
0.00000
0.02036
0.07946
0.03037
0.14324
0.16432
0.42827
0.54478
0.64080
0.68180
0.73667
0.74170
0.73463
0.66405
0.65212
0.54631
0.26559
0.12479
0.04481
0.00000
0.06765
0.00173
0.03956
0.04122
0.05296
0.00000
0.00000
0.00000
0.13053
0.15427
0.39414
0.54483
0.55475
0.65539
0.64544
0.74115
0.63959
0.52556
0.57961
0.48053
0.27226
0.27654
0.03216
0.00000
0.12225
0.00000
0.02164
0.00000
0.00000
0.00000
0.09470
0.00000
0.12529
0.21701
0.35620
0.51858
0.63972
0.58930
0.70444
0.64980
0.68357
0.63305
0.56456
0.45127
0.31833
0.20941
0.07551
0.06187
0.00938
0.00000
0.01387
0.00000
0.00000
0.02195
0.04228
0.00000
0.08305
0.21496
0.31401
0.50087
0.56189
0.67775
0.70888
0.71466
0.65852
0.62386
0.55465
0.55539
0.30394
0.16102
0.11581
0.04406
0.07682
0.00449
0.04037
0.06471
0.00000
0.03326
0.04661
0.00000
0.08150
0.14759
0.44405
0.61989
0.62624
0.75655
0.68031
0.65369
0.66488
0.65129
0.57006
0.59370
0.29589
0.08359
0.15469
0.03817
0.00000
0.00000
0.00000
0.04524
0.06675
0.00000
0.14361
0.04724
0.10407
0.22927
0.37831
0.56884
0.61098
0.63565
0.73429
0.63670
0.65765
0.65901
0.62317
0.60875
0.28634
0.15893
0.16768
0.00000
0.02947
0.00351
0.01901
0.00000
0.00211
0.00526
0.04284
0.00000
0.11198
0.23486
0.40148
0.48208
0.54108
0.60146
0.74128
0.70496
0.75922
0.57150
0.61762
0.62627
0.28806
0.21020
0.01719
0.00000
0.00000
0.00000
0.00112
0.03317
0.00000
0.03226
0.00000
0.00000
0.14079
0.20852
0.38425
0.53590
0.59221
0.69913
0.75731
0.77037
0.79772
0.56944
0.57853
0.53975
0.27044
0.32941
0.22554
0.08493
0.08946
0.02761
0.06057
0.11198
0.05029
0.06230
0.00000
0.09406
0.07672
0.17495
0.42594
0.43543
0.60329
0.72007
0.62635
0.60520
0.66036
0.72661
0.56489
0.50510
0.31508
0.16397
0.14145
0.00000
0.00725
0.00000
0.00000
0.00000
0.00000
0.00000
0.00604
0.03326
0.15892
0.24363
0.37237
0.49920
0.58111
0.61604
0.65798
0.74811
0.67135
0.58942
0.64691
0.56728
0.32871
0.20759
0.08635
0.00000
0.00000
0.00000
0.03248
0.00040
0.00000
0.00000
0.00000
0.00000
0.05545
0.21084
0.31098
0.56741
0.61404
0.54385
0.61996
0.62632
0.72312
0.62190
0.72004
0.59774
0.31604
0.11562
0.19378
0.00000
0.02471
0.02729
0.00335
0.00000
0.01909
0.04791
0.00000
0.02397
0.14655
0.26819
0.37460
0.56458
0.67533
0.63609
0.72916
0.71049
0.77776
0.64537
0.54729
0.56666
0.26329
0.22466
0.10961
0.06397
0.04913
0.00000
0.00000
0.05868
0.00000
0.00000
0.04542
0.00000
0.11345
0.15684
0.33026
0.58362
0.54614
0.68932
0.64947
0.68279
0.74844
0.68442
0.63403
0.55710
0.25443
0.23993
0.16693
0.00000
0.00000
0.00000
0.04497
0.01320
0.00000
0.00000
0.01096
0.00000
0.13264
0.20004
0.48423
0.54651
0.60436
0.68108
0.75724
0.75476
0.67886
0.81699
0.67523
0.44013
0.35507
0.20351
0.07703
0.01557
0.00000
0.00000
0.00000
0.00000
0.00000
0.00000
0.00000
0.02791
0.11200
0.17013
0.39491
0.55602
0.63823
0.60503
0.72255
0.63802
0.71912
0.58693
0.59137
0.51816
0.28546
0.27330
0.07013
0.00000
0.00000
0.00000
0.00858
0.01771
0.02996
0.00000
0.00000
0.00000
0.13631
0.25193
0.50170
0.57568
0.60190
0.61600
0.63395
0.65090
0.73966
0.75052
0.64486
0.59263
0.27729
0.10970
0.11591
0.00000
0.00000
0.00000
0.02142
0.00505
0.00000
0.00000
0.01271
0.07461
0.09142
0.14632
0.42433
0.51410
0.56885
0.69302
0.70155
0.76884
0.63943
0.62339
0.56648
0.62243
0.26749
0.18094
0.06384
0.00665
0.00000
0.00000
0.00000
0.02334
0.03574
0.00000
0.09707
0.12229
0.13510
0.17428
0.35588
0.56460
0.60329
0.71834
0.64604
0.74835
0.67950
0.63978
0.63811
0.56923
0.35180
0.17570
0.00000
0.00000
0.06425
0.05114
0.00000
0.01967
0.00000
0.00000
0.04348
0.00000
0.00472
0.17915
0.40863
0.59195
0.62097
0.65959
0.74991
0.70718
0.66628
0.57439
0.50187
0.55138
0.28002
0.18911
0.08304
0.02447
0.02554
0.00850
0.00000
0.00000
0.02270
0.01727
0.10470
0.00000
0.10814
0.20415
0.40322
0.56981
0.65578
0.59229
0.68372
0.70218
0.70132
0.56615
0.59302
0.52986
0.36128
0.21737
0.09523
0.00000
0.01184
0.06231
0.00000
0.00000
0.03260
0.00000
0.05056
0.02129
0.14797
0.27163
0.44612
0.48448
0.56154
0.71994
0.68265
0.76068
0.64481
0.65743
0.67260
0.55501
0.34863
0.17886
0.24525
0.01706
0.00000
0.03734
0.11582
0.00000
0.05149
0.04170
0.00000
0.00000
0.05158
0.25562
0.40163
0.53857
0.61095
0.56095
0.77478
0.71669
0.73497
0.66288
0.54843
0.46329
0.32395
0.20098
0.09198
0.02247
0.00000
0.00532
0.07036
0.00000
0.00000
0.00000
0.00000
0.06771
0.06221
0.17243
0.32907
0.60207
0.58552
0.65055
0.68740
0.73937
0.67491
0.61079
0.56614
0.59516
0.18325
0.29637
0.05734
0.00000
0.03696
0.05402
0.05781
0.00000
0.00000
0.00270
0.00000
0.00000
0.05181
0.14589
0.42416
0.48812
0.61493
0.63408
0.79724
0.72166
0.65867
0.64429
0.58002
0.54628
0.32781
0.15178
0.16733
0.03733
0.00000
0.03625
0.00000
0.05134
0.00000
0.00000
0.01461
0.00000
0.01806
0.15119
0.37317
0.60578
0.60188
0.62832
0.70271
0.75139
0.66863
0.66448
0.63986
0.63733
0.26070
0.25850
0.04905
0.00000
0.02819
0.02419
0.00000
0.00467
0.00000
0.00800
0.00000
0.00000
0.06861
0.24546
0.31594
0.50422
0.53938
0.55026
0.75391
0.60983
0.67962
0.68599
0.59674
0.49608
0.32101
0.20924
0.08112
0.03413
0.00000
0.00000
0.01791
0.05837
0.05156
0.00000
0.04001
0.00545
0.05282
0.18754
0.43774
0.57966
0.63834
0.65016
0.61968
0.65856
0.72763
0.57737
0.66853
0.52254
0.30608
0.18977
0.19667
0.02726
0.00000
0.00000
0.00000
0.00000
0.07129
0.00000
0.00000
0.00000
0.09296
0.18688
0.37828
0.59986
0.64706
0.68183
0.65775
0.66036
0.59331
0.64229
0.67472
0.53048
0.41419
0.18359
0.11097
0.00000
0.00000
0.00000
0.00000
0.00000
0.00000
0.06480
0.00601
0.00342
0.13672
0.21684
0.44483
0.46753
0.61502
0.70108
0.70968
0.75629
0.63673
0.57719
0.61382
0.57620
0.30281
0.25733
0.02961
0.04351
0.00091
0.00000
0.00000
0.00664
0.00000
0.03078
0.00000
0.00000
0.07815
0.24622
0.42144
0.57296
0.60219
0.62805
0.77988
0.69703
0.65347
0.66716
0.57600
0.47792
0.27483
0.15890
0.16745
0.00000
0.11591
0.00252
0.02348
0.01898
0.00000
0.00000
0.00000
0.00000
0.14416
0.23302
0.41757
0.60946
0.66275
0.62229
0.58575
0.66591
0.59635
0.68067
0.49415
0.48693
0.33794
0.19749
0.09461
0.08548
0.05694
0.00000
0.00000
0.00000
0.00000
0.02981
0.00000
0.00000
0.18613
0.19654
0.42210
0.50695
0.65996
0.70221
0.71433
0.68658
0.62025
0.57583
0.63076
0.52477
0.29975
0.17227
0.07254
0.02272
0.01873
0.09005
0.01700
0.02400
0.03346
0.00000
0.00000
0.00000
0.15515
0.25664
0.42833
0.62595
0.52915
0.68180
0.66529
0.69989
0.66143
0.64770
0.59194
0.56015
0.37500
0.13552
0.18983
0.02005
0.00000
0.12412
0.00000
0.00000
0.00000
0.00000
0.03175
0.00000
0.08088
0.25750
0.43367
0.55008
0.57370
0.65295
0.62711
0.74569
0.73639
0.74732
0.59614
0.55404
0.27358
0.23324
0.12778
0.02959
0.06166
0.05276
0.00000
0.00000
0.00000
0.08975
0.00000
0.00000
0.02604
0.25664
0.41570
0.53242
0.61041
0.61627
0.78710
0.75070
0.65823
0.67320
0.64652
0.46190
0.36138
0.17075
0.25907
0.01753
0.00000
0.10426
0.00000
0.00000
0.02606
0.00000
0.00000
0.00000
0.12588
0.15188
0.34604
0.59073
0.56106
0.57367
0.76545
0.69809
0.68451
0.69510
0.63894
0.58536
0.27852
0.20958
0.13571
0.00000
0.02564
0.03986
0.00000
0.00000
0.00000
0.00000
0.00000
0.00000
0.20411
0.23972
0.39118
0.64810
0.65903
0.64410
0.72708
0.71816
0.69561
0.60630
0.67203
0.49051
0.28903
0.21436
0.09714
0.02192
0.00000
0.00000
0.04993
0.00180
0.03396
0.00000
0.04781
0.05048
0.07824
0.12369
0.36065
0.54034
0.61048
0.58991
0.72632
0.67825
0.79610
0.65114
0.56843
0.53249
0.21113
0.20882
0.08472
0.00000
0.04341
0.00000
0.00000
0.00000
0.00000
0.09310
0.00000
0.00000
0.09033
0.23343
0.47241
0.54599
0.59376
0.62583
0.70621
0.74298
0.70198
0.63919
0.55181
0.57461
0.25601
0.21151
0.22470
0.02137
0.00000
0.02836
0.00000
0.00662
0.00000
0.00000
0.00000
0.00000
0.07391
0.20715
0.38572
0.51446
0.66687
0.67735
0.74518
0.74139
0.63026
0.72483
0.59491
0.59285
0.30974
0.12306
0.24916
0.09353
0.00000
0.05357
0.00000
0.00000
0.00911
0.00000
0.05996
0.00000
0.05946
0.09869
0.33567
0.55058
0.67385
0.74221
0.64358
0.73857
0.69865
0.63107
0.62566
0.65190
0.26927
0.21104
0.11928
0.00000
0.00000
0.00000
0.03906
0.05362
0.09296
0.03152
0.01351
0.09419
0.00077
0.18955
0.40766
0.53637
0.56741
0.59975
0.70130
0.66223
0.68811
0.55661
0.54498
0.65432
0.33116
0.18000
0.08298
0.00000
0.09446
0.00000
0.07818
0.00000
0.02551
0.02177
0.02895
0.00000
0.18660
0.12936
0.37188
0.50333
0.57103
0.68785
0.60150
0.72448
0.66062
0.64217
0.66218
0.51950
0.24953
0.22942
0.14065
0.00000
0.00000
0.00000
0.10443
0.00709
0.03252
0.11395
0.13024
0.00000
0.12552
0.28138
0.38722
0.56982
0.65621
0.61920
0.66018
0.75394
0.78509
0.67752
0.57500
0.55368
0.25084
0.19619
0.07565
0.00000
0.01281
0.00000
0.00000
0.07338
0.01738
0.00000
0.00000
0.03058
0.16585
0.21001
0.36700
0.51170
0.55853
0.62170
0.68440
0.66412
0.69522
0.64406
0.49208
0.50525
0.24190
0.23513
0.06410
0.00000
0.02300
0.03482
0.00000
0.02398
0.00000
0.00000
0.00000
0.02196
0.07656
0.16034
0.27693
0.50004
0.61654
0.65607
0.62710
0.65472
0.72781
0.68283
0.59610
0.56832
0.31390
0.10760
0.13898
0.03651
0.00000
0.00000
0.11122
0.00000
0.13120
0.00000
0.00000
0.00887
0.07960
0.17003
0.37773
0.55683
0.54594
0.58383
0.67689
0.80242
0.66838
0.69905
0.60490
0.47365
0.28155
0.20287
0.10465
0.00000
0.06644
0.00000
0.00223
0.00000
0.01083
0.00000
0.04573
0.00000
0.06997
0.22747
0.39628
0.56255
0.55553
0.69664
0.66365
0.76615
0.65674
0.66200
0.60393
0.57445
0.30160
0.25867
0.18741
0.00000
0.08015
0.00000
0.00638
0.00000
0.00000
0.00000
0.00267
0.02911
0.12147
0.26850
0.42733
0.56751
0.65435
0.65602
0.77384
0.65997
0.66706
0.56469
0.59575
0.56154
0.28285
0.24273
0.09201
0.07943
0.07003
0.00000
0.00000
0.00000
0.00000
0.04021
0.00000
0.00000
0.05743
0.17854
0.42865
0.69596
0.67007
0.64465
0.69267
0.81420
0.66243
0.74127
0.66806
0.53053
0.30587
0.22808
0.13298
0.04157
0.00000
0.05307
0.03279
0.02469
0.00000
0.02763
0.00000
0.10394
0.06666
0.16956
0.40739
0.55660
0.54685
0.70884
0.66905
0.68588
0.76067
0.61942
0.54182
0.49489
0.23866
0.23927
0.08186
0.00000
0.01938
0.00000
0.00000
0.00000
0.04488
0.00000
0.00000
0.00231
0.12186
0.22234
0.41090
0.55636
0.55293
0.73567
0.77934
0.68607
0.68184
0.57915
0.54253
0.55162
0.33552
0.15206
0.05579
0.00000
0.03731
0.05916
0.00945
0.09782
0.00000
0.00000
0.00000
0.03188
0.15997
0.06977
0.42399
0.51410
0.56500
0.60002
0.71220
0.71365
0.82874
0.65944
0.60205
0.53135
0.36127
0.26756
0.00000
0.00000
0.00682
0.00000
0.00000
0.00000
0.08925
0.00000
0.07055
0.00295
0.09591
0.20744
0.53273
0.62055
0.59849
0.64604
0.78870
0.60273
0.71056
0.58503
0.59232
0.50467
0.37587
0.26939
0.05594
0.00000
0.00000
0.00000
0.00723
0.00384
0.00000
0.02391
0.00000
0.05755
0.17891
0.17722
0.38461
0.51950
0.70998
0.64612
0.66166
0.65537
0.70457
0.61748
0.63903
0.57671
0.32585
0.14852
0.09395
0.01619
0.00000
0.05479
0.03657
0.00000
0.00000
0.00000
0.00000
0.02377
0.10063
0.27419
0.36565
0.55603
0.61970
0.66174
0.73684
0.72145
0.73301
0.70080
0.68059
0.50013
0.25463
0.26341
0.05131
0.00000
0.00000
0.08112
0.00000
0.00000
0.00000
0.02050
0.04002
0.04355
0.11156
0.15205
0.42831
0.52539
0.56837
0.65206
0.60680
0.74964
0.78457
0.57230
0.63538
0.61100
0.34635
0.19461
0.10554
0.05499
0.01044
0.00000
0.01052
0.00000
0.00000
0.00000
0.00000
0.00000
0.07193
0.22721
0.40989
0.55815
0.59968
0.66533
0.61195
0.72858
0.70483
0.61492
0.61940
0.55123
0.27729
0.15750
0.12512
0.00000
0.00000
0.01484
0.01127
0.00000
0.02889
0.02185
0.13358
0.04462
0.11247
0.28250
0.42411
0.50695
0.56900
0.69775
0.61598
0.77499
0.72622
0.65553
0.50719
0.54178
0.31169
0.20926
0.11098
0.03745
0.00000
0.00000
0.03431
0.05606
0.02207
0.00000
0.04444
0.00726
0.01870
0.19526
0.34563
0.63220
0.59469
0.52259
0.79357
0.69419
0.67120
0.50995
0.47936
0.45327
0.28260
0.25227
0.00000
0.00284
0.08764
0.00000
0.00000
0.04567
0.00000
0.00000
0.03899
0.05476
0.11574
0.25555
0.40478
0.51621
0.53913
0.64252
0.71479
0.69354
0.75074
0.70055
0.63020
0.52795
0.31809
0.13469
0.17975
0.00000
0.00663
0.02798
0.00000
0.01558
0.00000
0.05859
0.06645
0.01263
0.04454
0.12170
0.30418
0.51133
0.64036
0.64508
0.75081
0.68704
0.64925
0.65893
0.60531
0.57441
0.27053
0.24472
0.13519
0.02622
0.04181
0.01915
0.00000
0.00462
0.00000
0.01059
0.00000
0.00000
0.12021
0.14964
0.43739
0.61382
0.57099
0.60429
0.76620
0.82465
0.72078
0.63831
0.53904
0.46476
0.27651
0.12571
0.06382
0.00000
0.09665
0.03316
0.08158
0.09321
0.02158
0.00000
0.00000
0.00000
0.07484
0.22050
0.37900
0.57780
0.59725
0.69335
0.68258
0.74596
0.80360
0.63918
0.61665
0.59719
0.23083
0.17524
0.05387
0.00000
0.02907
0.00000
0.02114
0.05600
0.06842
0.00000
0.00000
0.00000
0.08558
0.22330
0.44445
0.51103
0.57902
0.69493
0.71202
0.72929
0.68758
0.69899
0.57517
0.55333
0.21223
0.27369
0.12851
0.00000
0.00000
0.00000
0.00000
0.00000
0.00000
0.00000
0.00000
0.00000
0.17748
0.20179
0.46936
0.48981
0.66877
0.63131
0.71137
0.70857
0.71309
0.64700
0.61772
0.64095
0.22993
0.29041
0.09720
0.00000
0.08441
0.00000
0.04732
0.00000
0.01223
0.00124
0.00000
0.01134
0.14873
0.18107
0.43422
0.46390
0.54650
0.58109
0.79457
0.65569
0.66157
0.63604
0.60247
0.57184
0.32264
0.17583
0.14267
0.00000
0.03228
0.00000
0.00000
0.02227
0.00000
0.00000
0.04671
0.00000
0.07031
0.15191
0.44039
0.46728
0.54071
0.55195
0.72982
0.81776
0.67838
0.70442
0.58238
0.52425
0.30106
0.11299
0.01260
0.00000
0.00000
0.02074
0.05812
0.02433
0.07383
0.00000
0.00000
0.00000
0.04191
0.23268
0.41743
0.47904
0.53153
0.66631
0.68132
0.72522
0.62619
0.59463
0.65506
0.54107
0.33144
0.22897
0.10075
0.00000
0.00108
0.00000
0.00000
0.00000
0.00000
0.02691
0.01080
0.00000
0.12481
0.11068
0.45381
0.46606
0.53230
0.65709
0.65961
0.63713
0.76760
0.59309
0.55308
0.53693
0.27742
0.22311
0.10262
0.02627
0.00361
0.00000
0.00000
0.02123
0.02056
0.06243
0.00000
0.08860
0.18429
0.26796
0.38682
0.59506
0.69159
0.62010
0.61956
0.65914
0.67632
0.71366
0.56843
0.57146
0.34347
0.23910
0.13721
0.00000
0.05026
0.00000
0.00000
0.00000
0.00000
0.00000
0.00000
0.00000
0.09755
0.19566
0.41015
0.62991
0.65226
0.61632
0.69942
0.71642
0.73329
0.65842
0.59799
0.62923
0.27945
0.21294
0.08969
0.00000
0.00000
0.01673
0.00000
0.00000
0.03081
0.00000
0.00000
0.00000
0.04834
0.17785
0.33978
0.58388
0.58334
0.62081
0.68133
0.60735
0.67669
0.61620
0.54667
0.53353
0.33124
0.20833
0.11480
0.00000
0.00000
0.06144
0.00000
0.04419
0.00000
0.02125
0.05679
0.03921
0.03868
0.21419
0.37529
0.53735
0.62981
0.59583
0.79194
0.71520
0.59332
0.69810
0.58380
0.51320
0.28653
0.16227
0.06813
0.00000
0.00000
0.10571
0.06725
0.00000
0.00000
0.01948
0.00000
0.11114
0.08215
0.21269
0.39771
0.54711
0.69529
0.64102
0.72623
0.67635
0.68353
0.67844
0.57604
0.60009
0.36334
0.25811
0.09805
0.06955
0.03818
0.11927
0.00000
0.00000
0.06849
0.01410
0.05599
0.00000
0.15610
0.17157
0.27295
0.52920
0.59171
0.57445
0.70447
0.70749
0.71991
0.65477
0.62330
0.52179
0.33599
0.15707
0.08045
0.11245
0.00000
0.00000
0.00786
0.00000
0.06072
0.00000
0.00000
0.02275
0.08013
0.20355
0.44246
0.51055
0.64950
0.56424
0.71122
0.67725
0.76588
0.66162
0.61402
0.58047
0.21066
0.20758
0.19584
0.00000
0.00384
0.00000
0.04402
0.00000
0.00000
0.00000
0.04473
0.03640
0.15711
0.26933
0.42171
0.69840
0.61444
0.75683
0.63662
0.72083
0.69777
0.64126
0.58792
0.53610
0.34072
0.17797
0.09296
0.04234
0.00956
0.01504
0.05049
0.00000
0.04147
0.00000
0.00000
0.04269
0.07845
0.30178
0.49294
0.42328
0.58109
0.58716
0.74018
0.67914
0.66942
0.60088
0.58543
0.53756
0.36616
0.15268
0.17086
0.00000
0.04084
0.01889
0.02131
0.03074
0.01736
0.00045
0.00000
0.05307
0.09412
0.20907
0.41247
0.45887
0.62285
0.68547
0.73059
0.62108
0.74145
0.65847
0.65900
0.52706
0.35023
0.20341
0.04647
0.02322
0.01964
0.00000
0.00000
0.03070
0.13024
0.00000
0.00000
0.00000
0.14746
0.17389
0.41142
0.50226
0.61909
0.64161
0.69208
0.62947
0.74415
0.70984
0.58922
0.54724
0.31866
0.24015
0.11041
0.00000
0.02798
0.10273
0.01580
0.01863
0.05743
0.00000
0.00000
0.07680
0.05286
0.18331
0.43576
0.62429
0.67051
0.71056
0.62679
0.66600
0.62390
0.62417
0.58359
0.49740
0.28535
0.21771
0.17231
0.07201
0.02972
0.00691
0.00000
0.05109
0.00000
0.00000
0.00000
0.01355
0.00531
0.19763
0.38922
0.46623
0.59839
0.59898
0.73124
0.73729
0.72311
0.65821
0.56309
0.49471
0.33426
0.19412
0.02233
0.04966
0.01297
0.02449
0.00000
0.02227
0.00549
0.00000
0.02593
0.04411
0.12854
0.17916
0.43806
0.51636
0.59855
0.74122
0.65322
0.63183
0.76906
0.59723
0.50496
0.57363
0.34842
0.21475
0.15921
0.03348
0.02914
0.00000
0.05004
0.00000
0.00050
0.00329
0.02886
0.00000
0.08657
0.15346
0.43174
0.53877
0.60559
0.60606
0.67746
0.71714
0.87475
0.65138
0.51581
0.57946
0.32768
0.16121
0.12897
0.00000
0.00000
0.03577
0.00000
0.00000
0.00000
0.00000
0.05043
0.00000
0.00000
0.21318
0.43097
0.58025
0.64279
0.59810
0.62520
0.76396
0.66234
0.58037
0.52844
0.59502
0.34036
0.11161
0.12609
0.00537
0.06904
0.00000
0.06302
0.00000
0.10442
0.05139
0.00000
0.06589
0.02109
0.24231
0.30909
0.55612
0.62723
0.57615
0.62395
0.62040
0.77193
0.67065
0.64843
0.51559
0.28081
0.28919
0.05558
0.00000
0.00000
0.03542
0.00000
0.00000
0.00000
0.02824
0.07211
0.00000
0.15144
0.20141
0.34405
0.53473
0.60528
0.55433
0.70795
0.66587
0.76689
0.64918
0.60272
0.57186
0.34174
0.25656
0.09241
0.00000
0.00000
0.00000
0.00678
0.00000
0.06909
0.05939
0.08930
0.04538
0.05146
0.12770
0.36942
0.49464
0.66402
0.63827
0.61541
0.70123
0.65684
0.61191
0.52962
0.47568
0.32030
0.25320
0.14425
0.00000
0.00000
0.05257
0.00585
0.00706
0.06517
0.01452
0.00000
0.00000
0.17082
0.30485
0.42281
0.55748
0.58764
0.58440
0.60701
0.79717
0.74401
0.63974
0.58778
0.56149
0.27981
0.18595
0.06683
0.02515
0.00420
0.00000
0.00000
0.10276
0.00000
0.00000
0.04420
0.01978
0.07845
0.18344
0.43042
0.45239
0.63632
0.71533
0.64271
0.62164
0.75492
0.56424
0.65367
0.56091
0.27643
0.13882
0.21851
0.00000
0.00000
0.02404
0.01699
0.00000
0.06815
0.03633
0.00000
0.00000
0.04809
0.21945
0.49016
0.45653
0.66780
0.67834
0.70029
0.59084
0.70930
0.59159
0.46174
0.52744
0.25001
0.24398
0.10481
0.08298
0.00000
0.00000
0.01724
0.00000
0.00000
0.02394
0.00000
0.01006
0.11420
0.10610
0.46631
0.51802
0.47377
0.67462
0.74676
0.72444
0.68688
0.55461
0.53330
0.48588
0.24841
0.26360
0.12307
0.00000
0.00000
0.00497
0.00000
0.03726
0.04371
0.02905
0.00000
0.00000
0.08400
0.21540
0.37983
0.62547
0.61420
0.69290
0.67648
0.77208
0.75904
0.63669
0.58958
0.48312
0.31458
0.24224
0.08586
0.00000
0.00000
0.00000
0.00000
0.14089
0.13359
0.03041
0.00000
0.01182
0.13442
0.20042
0.34062
0.51419
0.63115
0.61512
0.75684
0.71938
0.66714
0.74734
0.55843
0.50164
0.32992
0.20263
0.13405
0.00000
0.01255
0.00000
0.00000
0.07122
0.07868
0.00000
0.06335
0.03722
0.17476
0.11945
0.36125
0.58967
0.60839
0.64125
0.82796
0.82982
0.77970
0.77617
0.58275
0.58925
0.27186
0.21088
0.08479
0.00000
0.00000
0.00000
0.00000
0.09879
0.00000
0.04874
0.03930
0.05577
0.16632
0.23493
0.40604
0.61016
0.57045
0.63683
0.68606
0.63469
0.67858
0.61930
0.66070
0.54360
0.33650
0.20743
0.13336
0.00000
0.02994
0.07828
0.02629
0.04321
0.00000
0.01777
0.00000
0.04883
0.06429
0.24120
0.39187
0.47057
0.54717
0.67732
0.74023
0.65908
0.70857
0.66459
0.64229
0.52056
0.30877
0.21757
0.03999
0.05970
0.06863
0.01553
0.00000
0.00000
0.03335
0.00000
0.05799
0.01978
0.18724
0.27100
0.45597
0.52613
0.54279
0.67293
0.70284
0.65656
0.68558
0.72014
0.64162
0.51025
0.25944
0.12558
0.14430
0.08100
0.00000
0.00000
0.00000
0.00000
0.00000
0.00000
0.00000
0.13712
0.18271
0.17672
0.39415
0.63315
0.73570
0.57796
0.61080
0.66774
0.80009
0.69067
0.63398
0.47433
0.25929
0.24443
0.10841
0.00000
0.09382
0.02305
0.00000
0.00000
0.01612
0.02423
0.00605
0.00000
0.16336
0.21452
0.45635
0.49291
0.55775
0.66754
0.58835
0.63519
0.70528
0.58541
0.56046
0.54026
0.25828
0.28145
0.08752
0.00904
0.00000
0.00000
0.05132
0.00000
0.00000
0.00482
0.00650
0.02006
0.05587
0.17007
0.34695
0.54274
0.57415
0.62982
0.63832
0.72475
0.70758
0.63673
0.50896
0.46626
0.36452
0.13525
0.01112
0.00000
0.00000
0.01359
0.00000
0.00000
0.00000
0.00000
0.04643
0.14521
0.13919
0.19322
0.46594
0.55226
0.62569
0.65690
0.71071
0.73432
0.69429
0.70388
0.58676
0.54695
0.31507
0.18922
0.12573
0.01676
0.01309
0.00000
0.00000
0.00000
0.02497
0.00000
0.00000
0.01754
0.03721
0.15006
0.43861
0.54827
0.60916
0.58610
0.65755
0.59922
0.70676
0.58852
0.61633
0.61309
0.29734
0.19205
0.03563
0.00000
0.00000
0.00000
0.00000
0.14633
0.02820
0.00000
0.00000
0.00000
0.08730
0.20057
0.34339
0.53699
0.61932
0.78149
0.70571
0.74964
0.78414
0.64208
0.54630
0.58045
0.32455
0.27182
0.02971
0.06046
0.02084
0.00000
0.01887
0.02587
0.00000
0.04280
0.00000
0.00000
0.09652
0.15810
0.45885
0.61817
0.54290
0.61950
0.75884
0.61250
0.72681
0.66176
0.61324
0.56210
0.25078
0.24584
0.00000
0.00000
0.00000
0.00180
0.00000
0.00729
0.00000
0.03069
0.00000
0.00000
0.07002
0.30012
0.46220
0.55750
0.60397
0.67614
0.77589
0.77109
0.69314
0.64717
0.62729
0.58390
0.30379
0.17382
0.06438
0.00000
0.00000
0.02669
0.01440
0.00000
0.01104
0.00000
0.06144
0.05126
0.01207
0.21421
0.36318
0.48022
0.61404
0.64149
0.71098
0.72736
0.72364
0.64927
0.56529
0.52723
0.26373
0.15760
0.11411
0.07580
0.05536
0.00000
0.02184
0.02996
0.00000
0.01995
0.00000
0.10047
0.17036
0.18251
0.47800
0.49390
0.54161
0.61663
0.70905
0.73339
0.76031
0.69255
0.57527
0.54568
0.27314
0.20242
0.06688
0.01295
0.00000
0.00000
0.00000
0.01039
0.03673
0.01625
0.00000
0.02862
0.11241
0.25652
0.39773
0.62426
0.61714
0.71190
0.80824
0.75269
0.75292
0.69294
0.60482
0.62774
0.26849
0.24180
0.12963
0.00000
0.03532
0.01653
0.00000
0.00000
0.00000
0.01203
0.10524
0.00975
0.21518
0.28055
0.42272
0.56056
0.47752
0.55676
0.72441
0.68856
0.63638
0.68679
0.64003
0.59129
0.28037
0.16315
0.06374
0.00000
0.00000
0.00000
0.04915
0.00000
0.00495
0.02862
0.00088
0.04284
0.15125
0.21976
0.37542
0.46534
0.60384
0.64832
0.70922
0.64433
0.70912
0.60895
0.62009
0.59159
0.19423
0.24399
0.08458
0.00000
0.00000
0.00000
0.00000
0.00000
0.00000
0.00000
0.02073
0.00000
0.12510
0.23692
0.46356
0.51536
0.50495
0.62506
0.66693
0.76627
0.71514
0.68543
0.58430
0.52028
0.39131
0.21887
0.04231
0.00000
0.00000
0.00557
0.03474
0.01142
0.00000
0.00000
0.01948
0.04119
0.12249
0.31655
0.34930
0.52480
0.61494
0.58652
0.77510
0.64377
0.70991
0.66239
0.49943
0.49890
0.30871
0.21613
0.12691
0.00524
0.00000
0.00756
0.00000
0.00000
0.04629
0.00000
0.00000
0.00000
0.13109
0.20628
0.35496
0.54458
0.54933
0.64547
0.77540
0.70853
0.72777
0.62641
0.53598
0.54841
0.27812
0.15624
0.10223
0.00000
0.00000
0.04193
0.00000
0.07151
0.00000
0.01389
0.00000
0.05106
0.12887
0.15957
0.41348
0.52380
0.62914
0.62011
0.67622
0.70801
0.85218
0.58869
0.65930
0.52792
0.33543
0.20730
0.09387
0.02311
0.04895
0.00000
0.00000
0.03171
0.00000
0.00000
0.00000
0.00618
0.09175
0.18247
0.41447
0.55193
0.66486
0.58511
0.75370
0.65471
0.78177
0.64079
0.62055
0.54213
0.28341
0.10615
0.13248
0.04038
0.00000
0.00000
0.00075
0.00000
0.00000
0.00000
0.01394
0.01619
0.15042
0.13197
0.42596
0.52303
0.60096
0.68065
0.74234
0.67384
0.70431
0.60546
0.57022
0.55556
0.27023
0.21836
0.17369
0.05999
0.04019
0.00000
0.00000
0.00259
0.00000
0.00000
0.00000
0.03432
0.06159
0.17603
0.36399
0.58708
0.57025
0.74518
0.74540
0.64288
0.69377
0.53612
0.55650
0.62498
0.27572
0.25219
0.00646
0.00000
0.00000
0.00885
0.10494
0.00000
0.06002
0.00435
0.00718
0.00000
0.10629
0.10230
0.44458
0.58783
0.50087
0.62354
0.69827
0.71012
0.68830
0.79222
0.53439
0.59169
0.31341
0.29224
0.05467
0.00000
0.07930
0.01407
0.00000
0.04254
0.00144
0.00000
0.02879
0.00000
0.14907
0.22337
0.45092
0.51433
0.66700
0.71099
0.68930
0.66141
0.63991
0.52300
0.59772
0.54040
0.25015
0.16002
0.12852
0.05132
0.05710
0.00799
0.07338
0.01794
0.01208
0.00000
0.03402
0.06325
0.06315
0.15068
0.47489
0.52453
0.59983
0.63835
0.68470
0.68717
0.72717
0.64049
0.57166
0.49784
0.21947
0.21981
0.01630
0.01917
0.06497
0.02274
0.00000
0.03836
0.07880
0.04605
0.00989
0.02921
0.16215
0.12132
0.44089
0.54394
0.61679
0.71438
0.79524
0.71059
0.66034
0.72210
0.58487
0.56696
0.24901
0.15242
0.10093
0.00000
0.04684
0.00656
0.00000
0.00000
0.03904
0.00000
0.00000
0.05702
0.03646
0.20563
0.44591
0.55516
0.64861
0.61440
0.65618
0.76604
0.71706
0.57366
0.59751
0.50755
0.35504
0.17956
0.11130
0.07452
0.10076
0.00482
0.08733
0.14319
0.01083
0.00000
0.00000
0.01158
0.13906
0.29419
0.47409
0.57144
0.71320
0.64091
0.76309
0.78770
0.71222
0.68260
0.60002
0.56097
0.32253
0.19492
0.06563
0.00000
0.04937
0.00000
0.00404
0.09768
0.04005
0.05313
0.07022
0.00000
0.13686
0.21290
0.43066
0.54262
0.64381
0.75126
0.67443
0.78371
0.68632
0.70603
0.61979
0.51961
0.24232
0.22865
0.14480
0.00000
0.00000
0.00000
0.04492
0.00000
0.03240
0.04293
0.08368
0.02134
0.09840
0.20247
0.44422
0.56028
0.56496
0.75732
0.74471
0.59324
0.67328
0.78176
0.64236
0.56669
0.33277
0.22553
0.11464
0.05987
0.00000
0.04235
0.00000
0.00000
0.02066
0.00000
0.00000
0.00000
0.13105
0.15543
0.45639
0.52013
0.57877
0.59681
0.74965
0.66362
0.66276
0.68020
0.60541
0.52964
0.35191
0.19297
0.13825
0.01705
0.00000
0.11130
0.00000
0.00000
0.00000
0.03131
0.06948
0.00000
0.11407
0.27545
0.35156
0.46276
0.62107
0.63547
0.67661
0.69209
0.70139
0.61936
0.74199
0.50483
0.35768
0.19893
0.03528
0.04277
0.00000
0.02020
0.03752
0.00000
0.00000
0.00000
0.00000
0.02196
0.07154
0.12062
0.37432
0.60021
0.58155
0.56163
0.62971
0.76811
0.75042
0.62889
0.60045
0.51372
0.31883
0.29135
0.08625
0.05340
0.00000
0.04254
0.00246
0.00000
0.00000
0.00000
0.00000
0.00000
0.02468
0.15779
0.43652
0.50353
0.70729
0.68308
0.69106
0.65392
0.72611
0.67711
0.58975
0.61991
0.31778
0.23751
0.14980
0.04618
0.06500
0.04084
0.09596
0.05364
0.06683
0.00000
0.01403
0.00000
0.11993
0.14401
0.43516
0.57756
0.63155
0.68432
0.67608
0.73832
0.74654
0.62964
0.65712
0.52943
0.23977
0.21353
0.14937
0.00000
0.00000
0.05459
0.00000
0.00581
0.00000
0.00000
0.00000
0.01510
0.14262
0.24254
0.44223
0.61179
0.56994
0.61475
0.72266
0.66166
0.68923
0.70430
0.57945
0.47725
0.42636
0.26361
0.08400
0.00090
0.03460
0.10984
0.00000
0.04394
0.02583
0.00000
0.00000
0.00000
0.19013
0.12701
0.37979
0.59862
0.65033
0.61482
0.70111
0.74850
0.68193
0.59868
0.63315
0.56701
0.36513
0.24608
0.07871
0.00000
0.02005
0.00000
0.00857
0.02085
0.00000
0.06767
0.04656
0.00000
0.14292
0.20183
0.41029
0.61670
0.59603
0.57541
0.73551
0.69477
0.70210
0.66037
0.55293
0.55321
0.30396
0.14928
0.09032
0.00000
0.00652
0.00000
0.00000
0.00000
0.04670
0.01493
0.05628
0.00000
0.10818
0.24516
0.39953
0.53288
0.68390
0.74960
0.65060
0.67583
0.69852
0.68017
0.54430
0.52272
0.16051
0.26729
0.03318
0.04298
0.01469
0.00000
0.00000
0.00000
0.00000
0.00185
0.03725
0.04433
0.03020
0.30397
0.49507
0.52988
0.57158
0.65025
0.73084
0.67153
0.70135
0.57830
0.63767
0.47903
0.29204
0.09080
0.11816
0.00000
0.00877
0.09557
0.01883
0.00000
0.01346
0.00000
0.04532
0.00000
0.20537
0.11968
0.48225
0.54622
0.62839
0.72395
0.64970
0.67466
0.71736
0.59048
0.63041
0.54950
0.25946
0.17923
0.11872
0.00000
0.00000
0.00000
0.03530
0.00000
0.08772
0.00000
0.07322
0.01849
0.09482
0.24099
0.46259
0.54151
0.57350
0.61428
0.76102
0.75847
0.71886
0.67703
0.61936
0.52923
0.17189
0.22867
0.03980
0.00000
0.01974
0.00000
0.00332
0.00015
0.00000
0.02037
0.00000
0.00000
0.09907
0.21546
0.38435
0.49221
0.51461
0.69436
0.71784
0.60850
0.76698
0.62017
0.60714
0.51939
0.25041
0.16763
0.09538
0.09750
0.00000
0.00000
0.00462
0.00496
0.00886
0.00000
0.09033
0.00000
0.02137
0.17546
0.30400
0.65256
0.73570
0.67436
0.74288
0.69000
0.78150
0.70990
0.54035
0.44553
0.34969
0.13901
0.07657
0.00000
0.00000
0.00000
0.00000
0.01016
0.00000
0.05434
0.00000
0.03581
0.11918
0.19976
0.33263
0.47891
0.57312
0.60846
0.70370
0.65309
0.80121
0.67376
0.61753
0.50349
0.26138
0.25105
0.14889
0.00239
0.00751
0.00000
0.01312
0.00000
0.06017
0.02755
0.01877
0.01068
0.10392
0.28704
0.40853
0.55122
0.66006
0.68472
0.74213
0.69951
0.69964
0.58781
0.64850
0.55184
0.27652
0.22914
0.09541
0.10586
0.01594
0.02956
0.00000
0.00000
0.00000
0.00000
0.00000
0.00000
0.06729
0.20716
0.44645
0.59443
0.56725
0.62662
0.69556
0.63580
0.68180
0.53638
0.63341
0.54871
0.27716
0.22903
0.06383
0.01507
0.00000
0.00000
0.00000
0.00000
0.04143
0.10179
0.00367
0.00000
0.17930
0.21009
0.41067
0.52215
0.63447
0.75758
0.76052
0.68788
0.66614
0.60122
0.58156
0.61620
0.32359
0.25460
0.15427
0.00000
0.00000
0.03550
0.00000
0.00000
0.05949
0.00000
0.08630
0.00000
0.15057
0.21116
0.34856
0.47680
0.53987
0.62635
0.73635
0.63167
0.73750
0.70837
0.63516
0.53591
0.44417
0.15745
0.04044
0.00000
0.00000
0.00000
0.03972
0.09193
0.00000
0.00000
0.00000
0.00000
0.14408
0.20839
0.49388
0.57657
0.60951
0.62578
0.65228
0.67891
0.68847
0.64926
0.58320
0.51150
0.25923
0.18878
0.05815
0.00000
0.00000
0.00000
0.00000
0.00000
0.01313
0.00000
0.08220
0.00000
0.12925
0.21004
0.46370
0.55325
0.62017
0.69822
0.66936
0.67674
0.73288
0.66485
0.60168
0.54600
0.32027
0.24869
0.11261
0.05826
0.02869
0.00498
0.01994
0.00000
0.00000
0.00000
0.01503
0.02474
0.06219
0.15766
0.46155
0.49104
0.73887
0.61124
0.76544
0.69703
0.73040
0.69438
0.65009
0.57927
0.31705
0.28304
0.10350
0.02177
0.00000
0.06384
0.00000
0.00590
0.00000
0.00000
0.00000
0.02779
0.04654
0.22893
0.34848
0.56104
0.56336
0.67307
0.71535
0.73366
0.66193
0.70779
0.65693
0.55326
0.28763
0.21039
0.05378
0.00000
0.00000
0.00416
0.00000
0.00264
0.06140
0.03932
0.00000
0.00000
0.10715
0.23743
0.43037
0.54014
0.68730
0.68354
0.68124
0.55104
0.64383
0.61247
0.55657
0.45893
0.30444
0.08845
0.10669
0.00000
0.09402
0.00000
0.00000
0.05401
0.08320
0.00000
0.06727
0.00000
0.17464
0.25108
0.34290
0.63826
0.68103
0.71103
0.65424
0.67676
0.71893
0.65237
0.61313
0.65576
0.31135
0.22681
0.14625
0.00000
0.01267
0.00000
0.02194
0.03163
0.00000
0.00000
0.00429
0.00000
0.13748
0.10413
0.27073
0.57698
0.55960
0.61494
0.74102
0.68067
0.69402
0.56806
0.65029
0.52970
0.34603
0.14976
0.11100
0.08983
0.03552
0.00000
0.00000
0.12255
0.02780
0.01700
0.00000
0.04354
0.16664
0.18432
0.44849
0.50730
0.57243
0.73158
0.55339
0.74438
0.73284
0.66042
0.61815
0.49241
0.27617
0.14772
0.05774
0.00000
0.01767
0.00000
0.00000
0.00000
0.09287
0.06471
0.05682
0.03018
0.09557
0.24773
0.42633
0.56250
0.49200
0.64385
0.68754
0.80309
0.74790
0.63655
0.59357
0.60889
0.25597
0.28817
0.03240
0.04282
0.00000
0.00000
0.00312
0.00000
0.00000
0.00000
0.06000
0.00000
0.11865
0.16811
0.39598
0.52021
0.50532
0.65501
0.70857
0.65623
0.69918
0.70059
0.55009
0.56206
0.29333
0.21073
0.09157
0.00000
0.07880
0.07638
0.03185
0.00000
0.00000
0.12326
0.00000
0.00000
0.02616
0.16093
0.38422
0.55890
0.54986
0.65076
0.67824
0.67060
0.69712
0.72834
0.56927
0.54433
0.30742
0.17873
0.07405
0.03636
0.01425
0.00433
0.00027
0.10569
0.05516
0.00000
0.02263
0.00049
0.10043
0.22838
0.37699
0.55099
0.61855
0.69921
0.72929
0.73294
0.62848
0.69880
0.63954
0.49165
0.26206
0.25638
0.07255
0.00387
0.00000
0.00000
0.05993
0.00000
0.00946
0.00000
0.04301
0.01155
0.14436
0.19568
0.38117
0.61837
0.67322
0.60283
0.76688
0.71117
0.63569
0.70660
0.61846
0.56675
0.32492
0.21415
0.19480
0.00000
0.00000
0.00000
0.01554
0.02995
0.00000
0.00000
0.00886
0.03881
0.12301
0.26853
0.42902
0.65578
0.61098
0.60361
0.73291
0.71359
0.75410
0.70981
0.59432
0.47731
0.32506
0.15176
0.13195
0.00000
0.00133
0.03249
0.11596
0.04076
0.02702
0.04045
0.00000
0.04692
0.13348
0.15451
0.36806
0.50923
0.60402
0.62370
0.66495
0.72040
0.66140
0.68207
0.55924
0.54788
0.18831
0.21178
0.00583
0.00000
0.03997
0.02551
0.02906
0.00000
0.00000
0.00242
0.00000
0.02604
0.16073
0.22368
0.38709
0.42715
0.62999
0.70595
0.68312
0.76934
0.67621
0.54399
0.58795
0.56584
0.24438
0.22748
0.09329
0.00000
0.07288
0.10268
0.00938
0.01982
0.06787
0.07984
0.00000
0.03440
0.10697
0.12637
0.37640
0.52460
0.56655
0.66936
0.79568
0.70537
0.67697
0.62514
0.48432
0.54957
0.29436
0.06263
0.15779
0.00000
0.00000
0.00000
0.05193
0.00000
0.00000
0.00871
0.01934
0.03328
0.18185
0.18962
0.39389
0.48890
0.54898
0.56759
0.72128
0.67950
0.73587
0.67854
0.54016
0.49904
0.33995
0.22154
0.18215
0.00000
0.04113
0.03741
0.02327
0.10809
0.00000
0.01642
0.00684
0.00000
0.17907
0.21816
0.30275
0.55465
0.61128
0.61151
0.67101
0.79556
0.61883
0.67763
0.52841
0.47223
0.29909
0.25829
0.01566
0.08151
0.07220
0.04456
0.00000
0.01752
0.04778
0.06059
0.00000
0.00000
0.17001
0.14788
0.33741
0.53089
0.54855
0.57769
0.75349
0.72499
0.67054
0.66021
0.59223
0.49668
0.32580
0.18418
0.08780
0.00000
0.02807
0.00000
0.00000
0.00000
0.00000
0.03257
0.03107
0.00000
0.10621
0.22736
0.48664
0.46740
0.58674
0.68585
0.79082
0.64882
0.72608
0.71596
0.61264
0.56448
0.25612
0.30386
0.05465
0.07345
0.01133
0.03023
0.00000
0.01427
0.05039
0.03027
0.00000
0.07128
0.05371
0.16280
0.42395
0.50522
0.61540
0.63329
0.69120
0.70302
0.67863
0.53817
0.59744
0.54455
0.27342
0.21421
0.14454
0.00000
0.11041
0.00176
0.04786
0.00000
0.01715
0.04542
0.00695
0.00000
0.06149
0.21165
0.49533
0.58628
0.59257
0.74352
0.73555
0.75304
0.66356
0.69916
0.61756
0.56188
0.29375
0.13386
0.10961
0.03659
0.03067
0.00000
0.06320
0.00000
0.00000
0.00000
0.05286
0.00000
0.10294
0.19111
0.49212
0.50131
0.63090
0.69118
0.75406
0.71331
0.74194
0.68017
0.58643
0.56278
0.29008
0.22700
0.09715
0.06838
0.04143
0.00000
0.02505
0.00000
0.00000
0.00000
0.13193
0.01937
0.02120
0.22231
0.32531
0.57799
0.69116
0.68173
0.57999
0.67993
0.65361
0.64983
0.60703
0.49906
0.18590
0.18479
0.18074
0.02290
0.05390
0.00000
0.00000
0.00000
0.03538
0.04295
0.00047
0.00000
0.07391
0.20074
0.44445
0.59559
0.51620
0.72002
0.68964
0.72374
0.73025
0.69637
0.57340
0.54480
0.35427
0.25116
0.06338
0.05199
0.00514
0.04336
0.00000
0.00000
0.00147
0.00304
0.00000
0.01133
0.17449
0.18013
0.41107
0.50079
0.59458
0.64799
0.72924
0.64829
0.81535
0.71676
0.50751
0.53396
0.33591
0.26194
0.11904
0.00000
0.00000
0.00000
0.00000
0.02437
0.00000
0.05146
0.00000
0.03608
0.10273
0.20025
0.44005
0.55208
0.61823
0.65737
0.61511
0.62995
0.79025
0.70298
0.67162
0.57913
0.28989
0.07341
0.12815
0.00000
0.02015
0.02290
0.03053
0.00000
0.07037
0.00000
0.00000
0.00000
0.13425
0.15168
0.39797
0.51265
0.54823
0.68947
0.58823
0.70890
0.74413
0.63751
0.59925
0.55063
0.31861
0.18317
0.02960
0.00000
0.02422
0.03991
0.00000
0.00850
0.00000
0.00000
0.01428
0.00560
0.02517
0.15497
0.32789
0.51069
0.64472
0.69003
0.77539
0.73674
0.67429
0.63987
0.71576
0.58084
0.28921
0.29083
0.03437
0.00000
0.00000
0.00000
0.05290
0.00000
0.00893
0.01505
0.02028
0.00000
0.11062
0.12533
0.39960
0.51333
0.65709
0.66131
0.68332
0.71342
0.63316
0.68826
0.57342
0.56256
0.28571
0.17273
0.09683
0.00000
0.03733
0.03845
0.00000
0.00000
0.08758
0.00000
0.04031
0.00000
0.11995
0.18391
0.45119
0.48173
0.60363
0.65915
0.62531
0.68478
0.63128
0.69608
0.61804
0.54665
0.26124
0.21379
0.03680
0.00643
0.00000
0.11029
0.00000
0.07697
0.00000
0.00000
0.00000
0.07261
0.13406
0.27212
0.41465
0.66740
0.63150
0.65290
0.70708
0.68859
0.66175
0.72853
0.62869
0.56195
0.24645
0.23873
0.01014
0.01337
0.07684
0.08729
0.00000
0.00000
0.04738
0.08875
0.00000
0.00917
0.03073
0.12066
0.38043
0.56318
0.64292
0.60577
0.80208
0.63555
0.65893
0.75800
0.75994
0.47823
0.36209
0.18849
0.15818
0.01869
0.04441
0.07988
0.00591
0.00000
0.04398
0.00000
0.00000
0.00000
0.08458
0.26817
0.36351
0.54009
0.60811
0.69418
0.78227
0.63100
0.74870
0.59719
0.55656
0.58540
0.34452
0.21612
0.02693
0.00595
0.09285
0.00000
0.00192
0.00000
0.00000
0.00474
0.00000
0.00000
0.14259
0.26705
0.34094
0.52746
0.54435
0.59129
0.71476
0.76427
0.66549
0.59083
0.66716
0.47982
0.27847
0.18110
0.12688
0.05509
0.00000
0.01877
0.00000
0.00964
0.00000
0.01026
0.00418
0.06020
0.06954
0.19755
0.37623
0.54217
0.67076
0.58934
0.62473
0.71083
0.79483
0.67666
0.57027
0.48354
0.31142
0.16122
0.02674
0.10062
0.01007
0.00000
0.05660
0.00000
0.00000
0.03437
0.00000
0.00631
0.03074
0.19445
0.38331
0.48189
0.68379
0.72498
0.63530
0.67512
0.71845
0.72008
0.63462
0.58242
0.33450
0.23517
0.11537
0.00045
0.00000
0.00000
0.00000
0.00000
0.00000
0.00000
0.08593
0.00000
0.04543
0.21470
0.48542
0.57043
0.66331
0.66863
0.66883
0.75409
0.70258
0.66241
0.69035
0.55887
0.32938
0.19441
0.07480
0.00000
0.00000
0.00013
0.00000
0.00000
0.00696
0.16634
0.00000
0.04343
0.18637
0.21492
0.39106
0.59298
0.69753
0.61264
0.77456
0.65945
0.74155
0.51773
0.64587
0.52319
0.28574
0.16321
0.15969
0.00000
0.02820
0.08249
0.00000
0.00000
0.06410
0.00000
0.00000
0.02931
0.11720
0.18619
0.44165
0.49225
0.62157
0.55384
0.78437
0.67668
0.65704
0.56775
0.53549
0.53123
0.29829
0.21248
0.11892
0.00000
0.00000
0.08582
0.00218
0.03609
0.00000
0.01636
0.07022
0.06649
0.09849
0.18109
0.44924
0.65461
0.54790
0.68307
0.70048
0.70199
0.70936
0.58809
0.61930
0.55939
0.33937
0.31863
0.11121
0.00000
0.03961
0.00000
0.00000
0.00000
0.00633
0.00830
0.00000
0.00000
0.08795
0.16360
0.47558
0.63961
0.47981
0.66202
0.68659
0.71856
0.69984
0.69185
0.55167
0.57878
0.22419
0.25687
0.17835
0.00000
0.02102
0.00000
0.00000
0.00000
0.00000
0.00933
0.00942
0.00000
0.12646
0.21196
0.48125
0.55837
0.63590
0.80877
0.68500
0.67598
0.73255
0.67910
0.57295
0.53791
0.34496
0.20276
0.11608
0.00000
0.04251
0.00000
0.00000
0.00000
0.01141
0.00000
0.19321
0.00000
0.03900
0.24124
0.35701
0.44117
0.61467
0.55501
0.67907
0.70870
0.62732
0.60296
0.59676
0.61241
0.27077
0.26912
0.09049
0.00000
0.04907
0.00283
0.01775
0.11169
0.04332
0.00940
0.01754
0.03322
0.14702
0.18665
0.39060
0.60705
0.50487
0.71922
0.69769
0.61019
0.66378
0.65264
0.59368
0.54508
0.35913
0.26720
0.04117
0.00296
0.00000
0.00787
0.04678
0.03707
0.00000
0.00000
0.00000
0.00000
0.18019
0.12374
0.37493
0.57264
0.59968
0.66093
0.73053
0.76881
0.69147
0.65777
0.60510
0.53570
0.27782
0.19011
0.18146
0.07663
0.00000
0.00000
0.00000
0.03444
0.02129
0.07222
0.12814
0.04047
0.06578
0.20497
0.47207
0.58455
0.60157
0.72609
0.72757
0.67016
0.67983
0.63372
0.63071
0.56496
0.25120
0.22400
0.13574
0.00000
0.02105
0.06904
0.00000
0.00000
0.06836
0.08360
0.06044
0.00000
0.13709
0.16642
0.34501
0.59127
0.61668
0.69928
0.70160
0.72816
0.64341
0.74071
0.59114
0.56772
0.36723
0.13381
0.02584
0.00000
0.02179
0.04367
0.00000
0.00000
0.00000
0.00000
0.02783
0.00000
0.00000
0.15873
0.45146
0.43463
0.63677
0.69182
0.73682
0.71429
0.67928
0.68260
0.53242
0.56676
0.33570
0.15665
0.00000
0.00992
0.05792
0.05446
0.00000
0.00000
0.00000
0.02241
0.01278
0.04654
0.12562
0.11689
0.42756
0.61069
0.58196
0.54503
0.71470
0.76174
0.72116
0.69386
0.52569
0.59886
0.26170
0.20078
0.12704
0.00000
0.00310
0.00000
0.02058
0.00000
0.00000
0.00000
0.09038
0.00000
0.03058
0.31541
0.44547
0.55083
0.60965
0.62617
0.65650
0.75233
0.68618
0.66800
0.61148
0.54340
0.38406
0.20168
0.15587
0.00000
0.00000
0.00000
0.07714
0.00000
0.04549
0.07248
0.00000
0.00000
0.13304
0.17938
0.35436
0.54358
0.49101
0.65640
0.63729
0.56072
0.67551
0.58237
0.64267
0.54534
0.40002
0.26662
0.03001
0.02530
0.01979
0.02999
0.00943
0.00000
0.04115
0.00000
0.00229
0.03387
0.11251
0.27058
0.36621
0.51067
0.70172
0.66381
0.74369
0.76552
0.57879
0.62895
0.57582
0.51721
0.30959
0.24583
0.16878
0.11889
0.00000
0.00517
0.09387
0.00000
0.00000
0.00000
0.00000
0.02533
0.08455
0.23579
0.35335
0.51638
0.67964
0.62651
0.72713
0.74905
0.69563
0.56768
0.56702
0.53032
0.29767
0.20905
0.19721
0.00000
0.00000
0.03034
0.03605
0.03228
0.03704
0.01422
0.00000
0.00507
0.09268
0.21263
0.37306
0.50209
0.57883
0.58880
0.71312
0.66158
0.64835
0.51599
0.58938
0.53318
0.33735
0.11913
0.08910
0.00000
0.00000
0.05441
0.01869
0.02215
0.00384
0.07533
0.07148
0.00000
0.13255
0.20402
0.43101
0.53611
0.62191
0.55371
0.81173
0.79320
0.67172
0.68573
0.64630
0.51537
0.34865
0.12247
0.21139
0.05229
0.02704
0.01199
0.03408
0.00857
0.00000
0.00000
0.00227
0.01114
0.04166
0.21896
0.33370
0.56339
0.66931
0.69504
0.71597
0.70639
0.68047
0.68231
0.53016
0.52368
0.22604
0.09100
0.12170
0.03092
0.00000
0.00026
0.02722
0.00000
0.00000
0.00000
0.08356
0.00058
0.07987
0.22445
0.44202
0.54890
0.59231
0.66383
0.69084
0.82144
0.71346
0.53252
0.60503
0.58909
0.31767
0.22399
0.08221
0.02265
0.00000
0.07739
0.00000
0.00427
0.07191
0.00000
0.04300
0.00250
0.07563
0.13481
0.42753
0.61117
0.57401
0.72257
0.77131
0.71268
0.78759
0.61203
0.61237
0.60760
0.33302
0.18706
0.08229
0.00000
0.00000
0.09999
0.05522
0.00000
0.00000
0.05415
0.00000
0.00000
0.10785
0.25356
0.44159
0.59735
0.68507
0.72009
0.61133
0.68441
0.78211
0.62411
0.59429
0.57497
0.35862
0.17674
0.12223
0.05447
0.00000
0.00594
0.05432
0.03057
0.00000
0.00000
0.04103
0.04456
0.08065
0.21152
0.35419
0.56731
0.50120
0.57016
0.66983
0.65456
0.71573
0.74292
0.60819
0.59947
0.34903
0.17808
0.05525
0.05571
0.00000
0.00000
0.00184
0.00000
0.00000
0.03961
0.05023
0.01695
0.08653
0.32731
0.34215
0.55034
0.62086
0.61893
0.76099
0.78229
0.74665
0.67252
0.61580
0.55894
0.33907
0.27500
0.13806
0.00000
0.00000
0.00000
0.00000
0.05349
0.00000
0.01830
0.01554
0.00000
0.06814
0.20849
0.44503
0.56033
0.55330
0.72343
0.67574
0.69248
0.66181
0.71063
0.58676
0.54445
0.37628
0.16482
0.11966
0.02618
0.00000
0.00000
0.00749
0.00000
0.01059
0.00000
0.00000
0.00000
0.09088
0.16086
0.39495
0.49586
0.62011
0.66186
0.76918
0.75038
0.61459
0.65346
0.43860
0.63587
0.31313
0.20758
0.11966
0.03397
0.00000
0.05198
0.05260
0.00000
0.00000
0.09914
0.02037
0.11064
0.09399
0.22160
0.36162
0.62010
0.61323
0.66017
0.68994
0.69357
0.64331
0.70819
0.68164
0.53536
0.32393
0.25851
0.09048
0.01466
0.00000
0.00000
0.00000
0.01172
0.00000
0.08180
0.00000
0.01291
0.03709
0.23648
0.40919
0.66831
0.57363
0.64754
0.65425
0.67616
0.74537
0.55423
0.67887
0.45864
0.31391
0.16284
0.12990
0.00000
0.00000
0.03822
0.00000
0.00000
0.00000
0.01236
0.02539
0.02523
0.07806
0.18278
0.42029
0.62514
0.56353
0.63216
0.78247
0.69938
0.72953
0.66054
0.57752
0.56968
0.20408
0.16518
0.04652
0.00000
0.04960
0.00300
0.00000
0.00000
0.00000
0.05621
0.00000
0.00000
0.09275
0.22993
0.38592
0.56632
0.58432
0.72366
0.65050
0.71915
0.71043
0.70838
0.53995
0.55717
0.27470
0.27684
0.09964
0.00000
0.01748
0.09844
0.00000
0.00913
0.00000
0.09301
0.00000
0.00000
0.00382
0.14679
0.42052
0.48538
0.55670
0.59618
0.74953
0.70910
0.70977
0.64031
0.69976
0.60023
0.28213
0.15359
0.09443
0.10457
0.01869
0.06999
0.00000
0.02502
0.00000
0.02540
0.00000
0.00000
0.03980
0.16011
0.36487
0.50163
0.58326
0.63367
0.68651
0.77623
0.62323
0.63276
0.55668
0.50212
0.32674
0.17848
0.15907
0.02317
0.03546
0.06308
0.00983
0.06838
0.01835
0.01169
0.00000
0.00387
0.01261
0.24981
0.34789
0.59246
0.59205
0.64385
0.78125
0.67210
0.80022
0.65643
0.65585
0.48992
0.31131
0.14535
0.12234
0.08223
0.00000
0.03360
0.10344
0.00983
0.02787
0.00000
0.04655
0.00000
0.04142
0.22679
0.41473
0.47344
0.59041
0.63217
0.71069
0.71369
0.70389
0.60932
0.54452
0.51226
0.25646
0.24270
0.13045
0.00000
0.00489
0.05061
0.01912
0.00000
0.00000
0.00000
0.00000
0.01946
0.18836
0.16701
0.33826
0.56563
0.62044
0.60702
0.61287
0.72062
0.79305
0.65995
0.57261
0.53954
0.35778
0.25635
0.09944
0.05922
0.00000
0.00000
0.05407
0.07464
0.09494
0.00000
0.00865
0.00000
0.09170
0.17653
0.27923
0.55066
0.62877
0.65499
0.66333
0.68095
0.70289
0.67867
0.58294
0.51536
0.41370
0.29559
0.11668
0.00722
0.02213
0.00857
0.00000
0.02808
0.00000
0.05435
0.00000
0.00000
0.09930
0.21207
0.48368
0.56107
0.57675
0.61890
0.61112
0.66027
0.72286
0.62994
0.58199
0.54573
0.22927
0.27056
0.08091
0.00000
0.06948
0.00000
0.00000
0.01448
0.01378
0.00818
0.00000
0.00000
0.10692
0.18871
0.37248
0.54870
0.60924
0.64022
0.73451
0.61631
0.80901
0.70798
0.57225
0.53666
0.25340
0.22410
0.03549
0.00000
0.00000
0.00000
0.00852
0.02808
0.05010
0.06307
0.00000
0.00000
0.09700
0.29873
0.40010
0.64382
0.70720
0.68782
0.74489
0.69288
0.81836
0.69822
0.56284
0.50521
0.32819
0.13347
0.08406
0.00000
0.00000
0.00038
0.00509
0.03147
0.00000
0.00465
0.00000
0.00000
0.15463
0.26217
0.40284
0.49628
0.58554
0.61686
0.61351
0.75747
0.76747
0.63144
0.61413
0.47862
0.24144
0.18984
0.05079
0.00000
0.00000
0.00000
0.01611
0.00000
0.00000
0.00000
0.03836
0.06189
0.06275
0.17267
0.43747
0.60488
0.60309
0.63955
0.70143
0.73851
0.73551
0.61054
0.59899
0.57063
0.25997
0.09723
0.08777
0.00000
0.00000
0.01301
0.00000
0.00000
0.00000
0.02804
0.00000
0.00000
0.05199
0.15752
0.36614
0.57244
0.59347
0.59988
0.71932
0.63292
0.72867
0.62621
0.52802
0.49608
0.23052
0.16826
0.08804
0.04379
0.00000
0.05842
0.00000
0.00000
0.00000
0.00000
0.00000
0.07851
0.15618
0.15615
0.43596
0.47236
0.67295
0.67782
0.74348
0.72828
0.70363
0.75356
0.59412
0.53903
0.31826
0.28372
0.07017
0.04699
0.00000
0.00000
0.00000
0.05430
0.03411
0.00645
0.00000
0.02018
0.10929
0.15204
0.40966
0.58239
0.62823
0.67841
0.65724
0.70113
0.70682
0.59589
0.59647
0.60290
0.30409
0.18680
0.05545
0.03116
0.05591
0.03628
0.06148
0.02682
0.00000
0.00000
0.00000
0.00002
0.07789
0.18509
0.44689
0.58328
0.65682
0.51443
0.74607
0.70917
0.67989
0.67783
0.59934
0.51187
0.26650
0.14885
